  1.0000000E-10
  1.0000000E-10
  1.0000000E-10
  1.0000000E-10
  1.0000000E-10
  1.0000000E-10
  1.0000000E-10
  1.0000000E-10
  1.0000000E-10
  1.0000000E-10
  1.0000000E-10
  1.0000000E-10
  1.0000000E-10
  1.0000000E-10
  1.0000000E-10
  1.0000000E-10
  1.0000000E-10
  1.0000000E-10
  1.0000000E-10
  1.0000000E-10
  1.0000000E-10
  1.0000000E-10
  1.0000000E-10
  1.0000000E-10
  1.0000000E-10
  1.0000000E-10
  1.0000000E-10
  1.0000000E-10
  1.0000000E-10
  1.0000000E-10
  1.0000000E-10
  1.0000000E-10
  1.0000000E-10
  1.0000000E-10
  1.0000000E-10
  1.0000000E-10
  1.0000000E-10
  1.0000000E-10
  1.0000000E-10
  1.0000000E-10
  1.0000000E-10
  1.0000000E-10
  1.0000000E-10
  1.0000000E-10
  1.0000000E-10
  1.0000000E-10
  1.0000000E-10
   1.000000    
   1.000000    
   1.000000    
   1.000000    
  1.0000000E-10
  1.0000000E-10
  2.7326081E-07
  5.1798742E-07
  5.0643541E-07
  3.7652629E-07
  2.2275751E-07
  8.7283183E-08
 -1.6951031E-08
 -8.9182628E-08
 -1.3340070E-07
 -1.5542500E-07
 -1.6177600E-07
 -1.5923870E-07
 -1.5453500E-07
 -1.5394880E-07
 -1.6281730E-07
 -1.8495859E-07
 -2.2207171E-07
 -2.7322969E-07
 -3.3393491E-07
 -3.9524789E-07
 -4.4340459E-07
 -4.6018729E-07
 -4.2806971E-07
 -3.2991659E-07
 -1.6788709E-07
  1.5937470E-08
  1.7914260E-07
  3.1239051E-07
  3.7497671E-07
  3.5024391E-07
  2.3845169E-07
  1.8486240E-08
 -4.0729279E-07
 -1.3033560E-06
 -3.2236189E-06
 -7.2287739E-06
 -1.5223130E-05
 -3.1066640E-05
 -6.4348758E-05
 -1.4175990E-04
 -3.4518540E-04
 -9.1428292E-04
 -2.6897611E-03
 -7.2763460E-03
 -9.4748074E-03
  7.8761607E-02
  0.9661997    
   1.023731    
   1.040051    
  0.8504027    
  1.0000000E-10
  1.0000000E-10
  1.1755170E-06
  2.0663060E-06
  1.5298430E-06
 -1.2409460E-07
 -2.5211041E-06
 -5.3183248E-06
 -8.2332690E-06
 -1.1046430E-05
 -1.3602440E-05
 -1.5817641E-05
 -1.7693050E-05
 -1.9326881E-05
 -2.0917940E-05
 -2.2749909E-05
 -2.5150190E-05
 -2.8422060E-05
 -3.2757729E-05
 -3.8144040E-05
 -4.4275061E-05
 -5.0492639E-05
 -5.5777331E-05
 -5.8840909E-05
 -5.8324778E-05
 -5.3093750E-05
 -4.2948530E-05
 -2.9315610E-05
 -1.4601720E-05
 -1.0961390E-06
  8.3851619E-06
  1.1340390E-05
  5.7069660E-06
 -1.1450280E-05
 -4.5651010E-05
 -1.0647240E-04
 -2.0865561E-04
 -3.7274681E-04
 -6.2623312E-04
 -1.0120840E-03
 -1.6132210E-03
 -2.5995960E-03
 -4.3070721E-03
 -7.2506098E-03
 -1.1956190E-02
 -1.3761620E-02
  2.2054350E-02
  0.2377663    
  0.9542434    
   1.055875    
   1.019519    
  0.6323931    
  1.0000000E-10
  1.0000000E-10
  2.2291920E-06
  3.1022380E-06
  3.4750971E-07
 -5.6659469E-06
 -1.4275070E-05
 -2.4625780E-05
 -3.5804889E-05
 -4.6962050E-05
 -5.7410449E-05
 -6.6718589E-05
 -7.4798358E-05
 -8.1975442E-05
 -8.9013702E-05
 -9.7054959E-05
 -1.0744690E-04
 -1.2145550E-04
 -1.3989360E-04
 -1.6271710E-04
 -1.8865529E-04
 -2.1496561E-04
 -2.3740091E-04
 -2.5059769E-04
 -2.4888650E-04
 -2.2754140E-04
 -1.8563140E-04
 -1.2877180E-04
 -6.6885732E-05
 -9.7315124E-06
  3.0885240E-05
  4.4288769E-05
  2.1538270E-05
 -4.9763679E-05
 -1.9195970E-04
 -4.4235389E-04
 -8.5567881E-04
 -1.5032450E-03
 -2.4710679E-03
 -3.8764270E-03
 -5.9118369E-03
 -8.8804998E-03
 -1.3072260E-02
 -1.7812360E-02
 -1.7885171E-02
  1.1505220E-02
  0.1369064    
  0.4528739    
  0.9474511    
   1.019163    
  0.8695695    
  0.3830317    
  1.0000000E-10
  1.0000000E-10
  1.2382760E-06
 -2.0195091E-06
 -1.1547210E-05
 -2.7286869E-05
 -4.8579819E-05
 -7.4163858E-05
 -1.0231860E-04
 -1.3113680E-04
 -1.5885750E-04
 -1.8422031E-04
 -2.0680320E-04
 -2.2728890E-04
 -2.4758099E-04
 -2.7066871E-04
 -3.0016480E-04
 -3.3951341E-04
 -3.9095210E-04
 -4.5438390E-04
 -5.2635442E-04
 -5.9938693E-04
 -6.6191598E-04
 -6.9933268E-04
 -6.9616351E-04
 -6.3948869E-04
 -5.2640343E-04
 -3.7130789E-04
 -2.0089719E-04
 -4.2228530E-05
  7.2092007E-05
  1.1233310E-04
  5.3332202E-05
 -1.3845570E-04
 -5.2080472E-04
 -1.1855570E-03
 -2.2585839E-03
 -3.8867050E-03
 -6.2113930E-03
 -9.3595535E-03
 -1.3421120E-02
 -1.8220780E-02
 -2.2306900E-02
 -1.9563140E-02
  9.1172298E-03
  0.1063740    
  0.3166251    
  0.6045134    
  0.8954281    
  0.8783368    
  0.6392379    
  0.2159024    
  1.0000000E-10
  1.0000000E-10
 -4.9825580E-06
 -2.2773551E-05
 -4.9475479E-05
 -8.5531821E-05
 -1.3057201E-04
 -1.8322280E-04
 -2.4111630E-04
 -3.0118020E-04
 -3.6020289E-04
 -4.1560989E-04
 -4.6632369E-04
 -5.1351561E-04
 -5.6101219E-04
 -6.1511039E-04
 -6.8361138E-04
 -7.7406759E-04
 -8.9143898E-04
 -1.0355370E-03
 -1.1987280E-03
 -1.3644689E-03
 -1.5072230E-03
 -1.5947310E-03
 -1.5927110E-03
 -1.4723800E-03
 -1.2262519E-03
 -8.8330032E-04
 -5.0116371E-04
 -1.4090950E-04
  1.2398331E-04
  2.2607090E-04
  1.0831600E-04
 -3.0055791E-04
 -1.1160090E-03
 -2.5085730E-03
 -4.6860562E-03
 -7.8385565E-03
 -1.2030900E-02
 -1.7069571E-02
 -2.2199370E-02
 -2.5138810E-02
 -1.9396890E-02
  1.1110410E-02
  9.4969019E-02
  0.2560300    
  0.4562431    
  0.6547253    
  0.7754982    
  0.6747863    
  0.4252699    
  0.1277920    
  1.0000000E-10
  1.0000000E-10
 -2.0632569E-05
 -7.2225659E-05
 -1.3539731E-04
 -2.1078110E-04
 -2.9812771E-04
 -3.9598130E-04
 -5.0152402E-04
 -6.1076728E-04
 -7.1922102E-04
 -8.2306511E-04
 -9.2069327E-04
 -1.0142550E-03
 -1.1106700E-03
 -1.2215180E-03
 -1.3613770E-03
 -1.5445190E-03
 -1.7803690E-03
 -2.0684949E-03
 -2.3941430E-03
 -2.7254510E-03
 -3.0134290E-03
 -3.1961910E-03
 -3.2076370E-03
 -2.9920449E-03
 -2.5316840E-03
 -1.8726010E-03
 -1.1231221E-03
 -4.0407080E-04
  1.4154900E-04
  3.8120229E-04
  2.0401810E-04
 -5.1625568E-04
 -1.9643120E-03
 -4.3814620E-03
 -7.9990719E-03
 -1.2883530E-02
 -1.8643660E-02
 -2.3996079E-02
 -2.5849991E-02
 -1.7249780E-02
  1.5752081E-02
  9.3074799E-02
  0.2226248    
  0.3709070    
  0.5140913    
  0.6119387    
  0.6112270    
  0.4748956    
  0.2740946    
  7.9972550E-02
  1.0000000E-10
  1.0000000E-10
 -4.9487840E-05
 -1.6246070E-04
 -2.9017741E-04
 -4.3265981E-04
 -5.8895792E-04
 -7.5685722E-04
 -9.3274360E-04
 -1.1118280E-03
 -1.2889440E-03
 -1.4600550E-03
 -1.6244201E-03
 -1.7869460E-03
 -1.9599029E-03
 -2.1629401E-03
 -2.4205181E-03
 -2.7564969E-03
 -3.1864650E-03
 -3.7091670E-03
 -4.2988928E-03
 -4.9008261E-03
 -5.4312460E-03
 -5.7844021E-03
 -5.8466191E-03
 -5.5226288E-03
 -4.7694440E-03
 -3.6373599E-03
 -2.3212431E-03
 -1.0324240E-03
 -9.4462293E-06
  5.2338821E-04
  3.8026439E-04
 -6.3474441E-04
 -2.7551821E-03
 -6.2141828E-03
 -1.1087920E-02
 -1.6941980E-02
 -2.2187101E-02
 -2.3114910E-02
 -1.2319140E-02
  2.2522319E-02
  9.4854869E-02
  0.1999079    
  0.3134731    
  0.4200321    
  0.4946769    
  0.5090818    
  0.4457067    
  0.3190627    
  0.1776617    
  5.1939610E-02
  1.0000000E-10
  1.0000000E-10
 -9.2106297E-05
 -2.9505539E-04
 -5.1617989E-04
 -7.5383222E-04
 -1.0051260E-03
 -1.2658500E-03
 -1.5306440E-03
 -1.7936310E-03
 -2.0497011E-03
 -2.2965809E-03
 -2.5375730E-03
 -2.7843949E-03
 -3.0590929E-03
 -3.3936161E-03
 -3.8258410E-03
 -4.3915720E-03
 -5.1132119E-03
 -5.9870430E-03
 -6.9719409E-03
 -7.9826312E-03
 -8.8902330E-03
 -9.5319292E-03
 -9.7312750E-03
 -9.3416013E-03
 -8.2629481E-03
 -6.5373378E-03
 -4.4546258E-03
 -2.3521830E-03
 -5.8697641E-04
  5.0713419E-04
  6.6143338E-04
 -3.4894241E-04
 -2.7582000E-03
 -6.6731158E-03
 -1.1651040E-02
 -1.6086910E-02
 -1.6018821E-02
 -4.0180702E-03
  3.0568119E-02
  9.6196570E-02
  0.1813282    
  0.2705804    
  0.3515944    
  0.4080153    
  0.4232368    
  0.3881133    
  0.3097736    
  0.2113616    
  0.1161920    
  3.4149460E-02
  1.0000000E-10
  1.0000000E-10
 -1.3855690E-04
 -4.3782269E-04
 -7.5649272E-04
 -1.0902151E-03
 -1.4330540E-03
 -1.7778090E-03
 -2.1168271E-03
 -2.4435001E-03
 -2.7545290E-03
 -3.0529210E-03
 -3.3513031E-03
 -3.6747130E-03
 -4.0616170E-03
 -4.5617810E-03
 -5.2298652E-03
 -6.1144349E-03
 -7.2431699E-03
 -8.6064972E-03
 -1.0143210E-02
 -1.1731800E-02
 -1.3191550E-02
 -1.4294290E-02
 -1.4788550E-02
 -1.4457950E-02
 -1.3159360E-02
 -1.0839450E-02
 -7.8748791E-03
 -4.7469982E-03
 -1.9412810E-03
  9.8741082E-05
  1.0381420E-03
  6.6494191E-04
 -1.1636741E-03
 -4.1379170E-03
 -6.8217050E-03
 -5.4508601E-03
  7.0704571E-03
  3.9823070E-02
  9.7357877E-02
  0.1659968    
  0.2365856    
  0.2991394    
  0.3419719    
  0.3547012    
  0.3325025    
  0.2801531    
  0.2112226    
  0.1405083    
  7.6811999E-02
  2.2644959E-02
  1.0000000E-10
  1.0000000E-10
 -1.6123720E-04
 -5.0041208E-04
 -8.5030298E-04
 -1.2031459E-03
 -1.5498140E-03
 -1.8809050E-03
 -2.1886339E-03
 -2.4695939E-03
 -2.7282850E-03
 -2.9809480E-03
 -3.2588141E-03
 -3.6095411E-03
 -4.0956391E-03
 -4.7890330E-03
 -5.7614991E-03
 -7.0711141E-03
 -8.7453621E-03
 -1.0762780E-02
 -1.3036610E-02
 -1.5404840E-02
 -1.7633719E-02
 -1.9429790E-02
 -2.0459291E-02
 -2.0416049E-02
 -1.9094281E-02
 -1.6436420E-02
 -1.2723340E-02
 -8.5061388E-03
 -4.3933732E-03
 -9.6245197E-04
  1.3896670E-03
  2.4933950E-03
  2.5528891E-03
  2.7107999E-03
  6.2523531E-03
  1.9733431E-02
  5.0956629E-02
  9.8916844E-02
  0.1533520    
  0.2088514    
  0.2572521    
  0.2898465    
  0.2996226    
  0.2839548    
  0.2465103    
  0.1962560    
  0.1431183    
  9.3805067E-02
  5.1026851E-02
  1.5035320E-02
  1.0000000E-10
  1.0000000E-10
 -9.2063667E-05
 -2.6518799E-04
 -4.1812260E-04
 -5.4137257E-04
 -6.2641338E-04
 -6.6817482E-04
 -6.6846429E-04
 -6.4001803E-04
 -6.1054871E-04
 -6.2569737E-04
 -7.4957678E-04
 -1.0619391E-03
 -1.6518430E-03
 -2.6086699E-03
 -4.0113190E-03
 -5.9151668E-03
 -8.3352365E-03
 -1.1226060E-02
 -1.4465800E-02
 -1.7851010E-02
 -2.1103591E-02
 -2.3876360E-02
 -2.5753619E-02
 -2.6334850E-02
 -2.5326330E-02
 -2.2629280E-02
 -1.8471399E-02
 -1.3372630E-02
 -7.9883467E-03
 -2.9501561E-03
  1.3251980E-03
  4.8867641E-03
  8.7068249E-03
  1.5720950E-02
  3.1306900E-02
  6.0496479E-02
  9.8963082E-02
  0.1419913    
  0.1850749    
  0.2221272    
  0.2465982    
  0.2535081    
  0.2413202    
  0.2129541    
  0.1748234    
  0.1339999    
  9.5559686E-02
  6.1881900E-02
  3.3438820E-02
  9.7992197E-03
  1.0000000E-10
  1.0000000E-10
  1.7097070E-04
  5.9224782E-04
  1.1018401E-03
  1.7033000E-03
  2.3918429E-03
  3.1498021E-03
  3.9418652E-03
  4.7112969E-03
  5.3785699E-03
  5.8439141E-03
  5.9946091E-03
  5.7161902E-03
  4.9047712E-03
  3.4764849E-03
  1.3731200E-03
 -1.4299200E-03
 -4.9056299E-03
 -8.9545306E-03
 -1.3411830E-02
 -1.8048549E-02
 -2.2557190E-02
 -2.6558390E-02
 -2.9571250E-02
 -3.1122210E-02
 -3.0835370E-02
 -2.8535999E-02
 -2.4352681E-02
 -1.8717371E-02
 -1.2237960E-02
 -5.4531312E-03
  1.5241870E-03
  9.5576160E-03
  2.0902410E-02
  3.8810760E-02
  6.4813577E-02
  9.5386833E-02
  0.1290771    
  0.1622461    
  0.1902023    
  0.2081235    
  0.2124005    
  0.2020905    
  0.1795468    
  0.1496074    
  0.1175759    
  8.7372772E-02
  6.0963862E-02
  3.8830150E-02
  2.0723190E-02
  5.9931171E-03
  1.0000000E-10
  1.0000000E-10
  7.9854322E-04
  2.5995821E-03
  4.5991689E-03
  6.7716148E-03
  9.0657910E-03
  1.1398640E-02
  1.3651000E-02
  1.5669219E-02
  1.7275810E-02
  1.8289801E-02
  1.8553009E-02
  1.7952960E-02
  1.6432291E-02
  1.3980810E-02
  1.0622820E-02
  6.4205811E-03
  1.4928590E-03
 -3.9891950E-03
 -9.8755788E-03
 -1.5836081E-02
 -2.1508440E-02
 -2.6634470E-02
 -3.0758660E-02
 -3.3403121E-02
 -3.4137461E-02
 -3.2669749E-02
 -2.8929111E-02
 -2.3077089E-02
 -1.5389890E-02
 -5.9855580E-03
  5.2699018E-03
  1.9374860E-02
  3.7485979E-02
  5.9845801E-02
  8.4921747E-02
  0.1116656    
  0.1374817    
  0.1587041    
  0.1717449    
  0.1740067    
  0.1649237    
  0.1464379    
  0.1223553    
  9.6825413E-02
  7.2955146E-02
  5.2341972E-02
  3.5452101E-02
  2.2044219E-02
  1.1500320E-02
  3.2385830E-03
  1.0000000E-10
  1.0000000E-10
  1.8928359E-03
  6.0668839E-03
  1.0578620E-02
  1.5325960E-02
  2.0149071E-02
  2.4826709E-02
  2.9085411E-02
  3.2623772E-02
  3.5147391E-02
  3.6406498E-02
  3.6229920E-02
  3.4556560E-02
  3.1460010E-02
  2.7131060E-02
  2.1803111E-02
  1.5701929E-02
  9.0465918E-03
  2.1134100E-03
 -4.6805250E-03
 -1.1420080E-02
 -1.7863579E-02
 -2.3730369E-02
 -2.8647861E-02
 -3.2168470E-02
 -3.3824429E-02
 -3.3206630E-02
 -3.0039130E-02
 -2.4209959E-02
 -1.5724059E-02
 -4.5985170E-03
  9.2292959E-03
  2.5886079E-02
  4.5206871E-02
  6.6343673E-02
  8.8353217E-02
  0.1095616    
  0.1270094    
  0.1369318    
  0.1381864    
  0.1304209    
  0.1152320    
  9.5681608E-02
  7.5123481E-02
  5.6103379E-02
  4.0099099E-02
  2.7483201E-02
  1.7864119E-02
  1.0653100E-02
  5.3184689E-03
  1.4151990E-03
  1.0000000E-10
  1.0000000E-10
  3.6802320E-03
  1.1678860E-02
  2.0154821E-02
  2.8843559E-02
  3.7384909E-02
  4.5348618E-02
  5.2161571E-02
  5.7157770E-02
  5.9774779E-02
  5.9729069E-02
  5.7124320E-02
  5.2414671E-02
  4.6239451E-02
  3.9117441E-02
  3.1364061E-02
  2.3317231E-02
  1.5235170E-02
  7.7600679E-03
  6.1205711E-04
 -6.1885510E-03
 -1.2583330E-02
 -1.8455110E-02
 -2.3572249E-02
 -2.7573859E-02
 -3.0004200E-02
 -3.0383401E-02
 -2.8287180E-02
 -2.3415459E-02
 -1.5611090E-02
 -4.8529240E-03
  8.7454086E-03
  2.4894880E-02
  4.2965949E-02
  6.1863650E-02
  7.9830863E-02
  9.4999187E-02
  0.1045678    
  0.1060514    
  0.1001209    
  8.7983750E-02
  7.2117001E-02
  5.5349801E-02
  4.0338531E-02
  2.8234040E-02
  1.9003090E-02
  1.2200350E-02
  7.3475349E-03
  4.0013702E-03
  1.7857770E-03
  3.9812329E-04
  1.0000000E-10
  1.0000000E-10
  6.6933250E-03
  2.0968430E-02
  3.5679940E-02
  5.0194509E-02
  6.3711993E-02
  7.5061843E-02
  8.3119571E-02
  8.7115958E-02
  8.6826168E-02
  8.2649738E-02
  7.5479932E-02
  6.6421218E-02
  5.6423198E-02
  4.6094310E-02
  3.6003299E-02
  2.6557161E-02
  1.8026760E-02
  1.0670470E-02
  4.1099112E-03
 -1.8240080E-03
 -7.2761490E-03
 -1.2313660E-02
 -1.6877240E-02
 -2.0741420E-02
 -2.3528989E-02
 -2.4767989E-02
 -2.3961360E-02
 -2.0684250E-02
 -1.4643440E-02
 -5.7341908E-03
  5.9016980E-03
  1.9814130E-02
  3.5172231E-02
  5.0722212E-02
  6.4742848E-02
  7.4511401E-02
  7.7565923E-02
  7.3633216E-02
  6.4396791E-02
  5.2169021E-02
  3.9578650E-02
  2.8610021E-02
  1.9670390E-02
  1.2820810E-02
  7.8409053E-03
  4.4023711E-03
  2.1686719E-03
  8.3944277E-04
  1.6607040E-04
 -4.7709989E-05
  1.0000000E-10
  1.0000000E-10
  1.2001290E-02
  3.6884461E-02
  6.1435621E-02
  8.4119737E-02
  0.1027665    
  0.1155020    
  0.1211843    
  0.1198088    
  0.1124841    
  0.1010282    
  8.7416388E-02
  7.3130026E-02
  5.8992319E-02
  4.5871120E-02
  3.4368001E-02
  2.4664830E-02
  1.6695591E-02
  1.0270340E-02
  5.0186520E-03
  5.4265629E-04
 -3.4338811E-03
 -7.0977649E-03
 -1.0526490E-02
 -1.3634880E-02
 -1.6179750E-02
 -1.7791210E-02
 -1.8002359E-02
 -1.6355440E-02
 -1.2467810E-02
 -6.1266068E-03
  2.6054389E-03
  1.3294340E-02
  2.5053900E-02
  3.6480531E-02
  4.5665082E-02
  5.0643060E-02
  5.0211269E-02
  4.5457371E-02
  3.7926771E-02
  2.9403871E-02
  2.1327401E-02
  1.4494500E-02
  9.1411341E-03
  5.2187480E-03
  2.5313860E-03
  8.3638908E-04
 -1.0075390E-04
 -4.8352749E-04
 -4.7780719E-04
 -2.1303201E-04
  1.0000000E-10
  1.0000000E-10
  2.1963101E-02
  6.5528773E-02
  0.1056723    
  0.1380287    
  0.1589730    
  0.1668499    
  0.1626125    
  0.1492473    
  0.1305500    
  0.1099225    
  8.9317150E-02
  6.9899403E-02
  5.2897681E-02
  3.8831100E-02
  2.7685881E-02
  1.9107839E-02
  1.2637650E-02
  7.8102322E-03
  4.1253851E-03
  1.1709700E-03
 -1.3549660E-03
 -3.6537871E-03
 -5.8436850E-03
 -7.9289936E-03
 -9.7951032E-03
 -1.1219660E-02
 -1.1858700E-02
 -1.1337220E-02
 -9.2828861E-03
 -5.4199100E-03
  3.0518399E-04
  7.6077180E-03
  1.5759749E-02
  2.3532899E-02
  2.9440800E-02
  3.2035179E-02
  3.1066209E-02
  2.7289160E-02
  2.1958480E-02
  1.6299609E-02
  1.1166340E-02
  6.9713881E-03
  3.8000790E-03
  1.5741040E-03
  1.4563570E-04
 -6.4976222E-04
 -9.6647133E-04
 -9.3753461E-04
 -6.7146512E-04
 -2.5315559E-04
  1.0000000E-10
  1.0000000E-10
  4.1643210E-02
  0.1187774    
  0.1810235    
  0.2198455    
  0.2321758    
  0.2220618    
  0.1976040    
  0.1668091    
  0.1351995    
  0.1049835    
  7.8528762E-02
  5.7015900E-02
  4.0343281E-02
  2.7928600E-02
  1.8942369E-02
  1.2557690E-02
  8.0724340E-03
  4.9297251E-03
  2.6672659E-03
  9.4468257E-04
 -4.6899999E-04
 -1.7326711E-03
 -2.9494110E-03
 -4.1520800E-03
 -5.2938638E-03
 -6.2641189E-03
 -6.8589812E-03
 -6.8407319E-03
 -5.9356871E-03
 -3.8978739E-03
 -6.1772921E-04
  3.7681670E-03
  8.7643061E-03
  1.3512390E-02
  1.7028460E-02
  1.8492609E-02
  1.7732089E-02
  1.5254060E-02
  1.1930430E-02
  8.5199391E-03
  5.5022771E-03
  3.0864850E-03
  1.3023430E-03
  9.2272487E-05
 -6.3606212E-04
 -9.8227931E-04
 -1.0396260E-03
 -8.8893517E-04
 -5.9668039E-04
 -2.1527200E-04
  1.0000000E-10
  1.0000000E-10
  8.0469832E-02
  0.2146326    
  0.3015111    
  0.3309770    
  0.3117462    
  0.2663393    
  0.2136271    
  0.1636015    
  0.1193488    
  8.4185317E-02
  5.7784040E-02
  3.8926940E-02
  2.5831349E-02
  1.6938999E-02
  1.0987810E-02
  7.0340112E-03
  4.4102720E-03
  2.6581520E-03
  1.4495770E-03
  5.6253618E-04
 -1.4567950E-04
 -7.6928298E-04
 -1.3677720E-03
 -1.9691510E-03
 -2.5673611E-03
 -3.1103210E-03
 -3.4962669E-03
 -3.5987620E-03
 -3.2568269E-03
 -2.3070299E-03
 -6.5216521E-04
  1.6561550E-03
  4.3388982E-03
  6.8930779E-03
  8.8061364E-03
  9.6248547E-03
  9.1767060E-03
  7.7835112E-03
  5.9558018E-03
  4.1117780E-03
  2.5018819E-03
  1.2287260E-03
  3.0329439E-04
 -3.0713010E-04
 -6.5239047E-04
 -7.8636938E-04
 -7.6052459E-04
 -6.2051928E-04
 -4.0450250E-04
 -1.4258971E-04
  1.0000000E-10
  1.0000000E-10
  0.1532987    
  0.3724799    
  0.4731604    
  0.4620719    
  0.3745311    
  0.2780833    
  0.1977855    
  0.1327769    
  8.5983537E-02
  5.4332111E-02
  3.4296431E-02
  2.1590009E-02
  1.3547130E-02
  8.4926961E-03
  5.3184750E-03
  3.3158399E-03
  2.0412719E-03
  1.2186361E-03
  6.6725642E-04
  2.7212701E-04
 -3.7902060E-05
 -3.0819830E-04
 -5.6686270E-04
 -8.3036849E-04
 -1.0987250E-03
 -1.3510500E-03
 -1.5469100E-03
 -1.6287760E-03
 -1.5177320E-03
 -1.1288710E-03
 -4.0295470E-04
  6.4401672E-04
  1.8747679E-03
  3.0643251E-03
  3.9859908E-03
  4.3880381E-03
  4.1731610E-03
  3.5050821E-03
  2.6357200E-03
  1.7662570E-03
  1.0134600E-03
  4.2288881E-04
 -1.9034291E-06
 -2.7621529E-04
 -4.2234641E-04
 -4.6475750E-04
 -4.2823600E-04
 -3.3668891E-04
 -2.1176190E-04
 -7.1396928E-05
  1.0000000E-10
  1.0000000E-10
  0.2761623    
  0.5905334    
  0.6797447    
  0.5963823    
  0.3914961    
  0.2443224    
  0.1414979    
  8.0619439E-02
  4.5275722E-02
  2.6067140E-02
  1.5321280E-02
  9.1159744E-03
  5.4737800E-03
  3.3186991E-03
  2.0271461E-03
  1.2411900E-03
  7.5484707E-04
  4.4800781E-04
  2.4615350E-04
  1.0370890E-04
 -6.7891260E-06
 -1.0255410E-04
 -1.9419540E-04
 -2.8859940E-04
 -3.8614430E-04
 -4.8012921E-04
 -5.5714318E-04
 -5.9605128E-04
 -5.6678487E-04
 -4.3594511E-04
 -1.7799300E-04
  2.0413790E-04
  6.6051423E-04
  1.1107740E-03
  1.4678780E-03
  1.6266680E-03
  1.5455560E-03
  1.2885700E-03
  9.5504301E-04
  6.2330271E-04
  3.3778901E-04
  1.1495110E-04
 -4.4502591E-05
 -1.4625910E-04
 -1.9789720E-04
 -2.0756949E-04
 -1.8414670E-04
 -1.3773701E-04
 -7.9846162E-05
 -2.2771461E-05
  1.0000000E-10
  1.0000000E-10
  0.4767985    
  0.8285858    
  0.8811392    
  0.7419987    
  0.3300498    
  0.1417921    
  6.1976392E-02
  2.9348381E-02
  1.4577760E-02
  7.6917391E-03
  4.2430782E-03
  2.4108561E-03
  1.3993430E-03
  8.2765589E-04
  4.9648981E-04
  3.0006250E-04
  1.8090880E-04
  1.0697410E-04
  5.9004080E-05
  2.5541050E-05
 -1.8339109E-07
 -2.2390230E-05
 -4.3668031E-05
 -6.5820743E-05
 -8.9038280E-05
 -1.1190560E-04
 -1.3145630E-04
 -1.4265050E-04
 -1.3811310E-04
 -1.0940300E-04
 -4.9572751E-05
  4.1514420E-05
  1.5228240E-04
  2.6360611E-04
  3.5367429E-04
  3.9472169E-04
  3.7486991E-04
  3.1031581E-04
  2.2667060E-04
  1.4390110E-04
  7.3080773E-05
  1.8051231E-05
 -2.1238189E-05
 -4.6205310E-05
 -5.8481281E-05
 -5.9596561E-05
 -5.1177161E-05
 -3.5500081E-05
 -1.6451060E-05
 -9.7331497E-07
  1.0000000E-10
  1.0000000E-10
  0.6237844    
   1.003001    
   1.007635    
  0.7965600    
  0.1454301    
  3.7821349E-02
  1.0357010E-02
  3.3005590E-03
  1.1113170E-03
  4.1995439E-04
  1.7324380E-04
  7.5736993E-05
  3.4473858E-05
  1.6324309E-05
  7.9927486E-06
  4.0344962E-06
  2.1099891E-06
  1.1785399E-06
  7.1892453E-07
  4.8397419E-07
  3.5854299E-07
  2.6623511E-07
  1.6939120E-07
  4.1805741E-09
 -2.6478489E-07
 -6.6270871E-07
 -1.2113580E-06
 -1.8557740E-06
 -2.4598039E-06
 -2.7968740E-06
 -2.5476199E-06
 -1.4646880E-06
  3.9453309E-07
  2.7462440E-06
  5.1574511E-06
  6.5762870E-06
  6.1978071E-06
  4.4968292E-06
  2.3405059E-06
  3.3401230E-07
 -1.2576070E-06
 -2.4201170E-06
 -3.2319431E-06
 -3.7490420E-06
 -3.9544821E-06
 -3.7407970E-06
 -2.8984950E-06
 -1.1651150E-06
  1.4189500E-06
  3.0176100E-06
  1.0000000E-10
  1.0000000E-10
   1.000000    
   1.000000    
   1.000000    
   1.000000    
  1.0000000E-10
  1.0000000E-10
  1.0000000E-10
  1.0000000E-10
  1.0000000E-10
  1.0000000E-10
  1.0000000E-10
  1.0000000E-10
  1.0000000E-10
  1.0000000E-10
  1.0000000E-10
  1.0000000E-10
  1.0000000E-10
  1.0000000E-10
  1.0000000E-10
  1.0000000E-10
  1.0000000E-10
  1.0000000E-10
  1.0000000E-10
  1.0000000E-10
  1.0000000E-10
  1.0000000E-10
  1.0000000E-10
  1.0000000E-10
  1.0000000E-10
  1.0000000E-10
  1.0000000E-10
  1.0000000E-10
  1.0000000E-10
  1.0000000E-10
  1.0000000E-10
  1.0000000E-10
  1.0000000E-10
  1.0000000E-10
  1.0000000E-10
  1.0000000E-10
  1.0000000E-10
  1.0000000E-10
  1.0000000E-10
  1.0000000E-10
  1.0000000E-10
  1.0000000E-10
  1.0000000E-10
  1.0000000E-10
  1.0000000E-10
  1.0000000E-10
  1.0000000E-10
