  1.0000000E-10
  1.0000000E-10
  1.0000000E-10
  1.0000000E-10
  1.0000000E-10
  1.0000000E-10
  1.0000000E-10
  1.0000000E-10
  1.0000000E-10
  1.0000000E-10
  1.0000000E-10
  1.0000000E-10
  1.0000000E-10
  1.0000000E-10
  1.0000000E-10
  1.0000000E-10
  1.0000000E-10
  1.0000000E-10
  1.0000000E-10
  1.0000000E-10
  1.0000000E-10
  1.0000000E-10
  1.0000000E-10
  1.0000000E-10
  1.0000000E-10
  1.0000000E-10
  1.0000000E-10
  1.0000000E-10
  1.0000000E-10
  1.0000000E-10
  1.0000000E-10
  1.0000000E-10
  1.0000000E-10
  1.0000000E-10
  1.0000000E-10
  1.0000000E-10
  1.0000000E-10
  1.0000000E-10
  1.0000000E-10
  1.0000000E-10
  1.0000000E-10
  1.0000000E-10
  1.0000000E-10
  1.0000000E-10
  1.0000000E-10
  1.0000000E-10
  1.0000000E-10
  1.0000000E-10
  1.0000000E-10
  1.0000000E-10
  1.0000000E-10
  1.0000000E-10
  1.0000000E-10
 -7.8472233E-08
 -6.0651490E-07
 -1.4155790E-06
 -1.7333390E-06
 -7.9136919E-07
  2.1692749E-06
  7.9201163E-06
  1.7219250E-05
  3.0778760E-05
  4.9239450E-05
  7.3178817E-05
  1.0318700E-04
  1.4004340E-04
  1.8500660E-04
  2.4018300E-04
  3.0887660E-04
  3.9574719E-04
  5.0656468E-04
  6.4734957E-04
  8.2276651E-04
  1.0338880E-03
  1.2756390E-03
  1.5350590E-03
  1.7908360E-03
  2.0158601E-03
  2.1853000E-03
  2.2862260E-03
  2.3193760E-03
  2.2982501E-03
  2.2499000E-03
  2.2071451E-03
  2.2055020E-03
  2.2854940E-03
  2.4986039E-03
  2.9123460E-03
  3.6129020E-03
  4.7021592E-03
  6.2970179E-03
  8.5492749E-03
  1.1707180E-02
  1.6216241E-02
  2.2998530E-02
  3.3298150E-02
  5.1358119E-02
  8.3430968E-02
 -7.7858754E-02
 -9.9714890E-02
 -0.1091611    
 -0.1651116    
 -0.1482593    
  1.0000000E-10
  1.0000000E-10
 -2.2809130E-07
 -9.4614018E-07
 -1.5167450E-06
 -2.3619890E-07
  5.0536769E-06
  1.6856240E-05
  3.7914971E-05
  7.1043221E-05
  1.1896150E-04
  1.8417821E-04
  2.6899329E-04
  3.7574180E-04
  5.0739432E-04
  6.6856609E-04
  8.6681760E-04
  1.1138991E-03
  1.4263340E-03
  1.8245630E-03
  2.3299239E-03
  2.9589881E-03
  3.7156860E-03
  4.5823599E-03
  5.5136071E-03
  6.4346110E-03
  7.2501502E-03
  7.8719929E-03
  8.2519082E-03
  8.3905514E-03
  8.3341366E-03
  8.1769694E-03
  8.0351150E-03
  8.0350954E-03
  8.3204443E-03
  9.0693561E-03
  1.0507380E-02
  1.2908870E-02
  1.6576990E-02
  2.1825559E-02
  2.9007601E-02
  3.8609549E-02
  5.1297881E-02
  6.7857198E-02
  8.6741313E-02
  0.1039865    
  8.2989477E-02
 -0.1683910    
 -0.2335647    
 -0.2327875    
 -0.2283883    
 -0.1306231    
  1.0000000E-10
  1.0000000E-10
 -1.8597849E-07
  1.5375250E-07
  2.2354079E-06
  8.4589992E-06
  2.2093331E-05
  4.7298770E-05
  8.8964247E-05
  1.5238739E-04
  2.4291620E-04
  3.6565561E-04
  5.2540732E-04
  7.2706043E-04
  9.7665959E-04
  1.2832540E-03
  1.6613200E-03
  2.1331080E-03
  2.7297621E-03
  3.4897651E-03
  4.4532819E-03
  5.6516090E-03
  7.0925010E-03
  8.7435683E-03
  1.0520780E-02
  1.2285150E-02
  1.3859540E-02
  1.5077380E-02
  1.5842430E-02
  1.6151341E-02
  1.6086821E-02
  1.5822260E-02
  1.5574550E-02
  1.5581530E-02
  1.6110240E-02
  1.7481960E-02
  2.0083901E-02
  2.4354409E-02
  3.0722760E-02
  3.9535470E-02
  5.1012211E-02
  6.5176338E-02
  8.1434123E-02
  9.7283483E-02
  0.1035475    
  8.0606110E-02
 -2.0654120E-02
 -0.2370467    
 -0.2850853    
 -0.2452499    
 -0.1734127    
 -5.2906029E-02
  1.0000000E-10
  1.0000000E-10
 -3.1746090E-08
  2.6567100E-06
  1.0070370E-05
  2.5297080E-05
  5.2494910E-05
  9.7208889E-05
  1.6627820E-04
  2.6751219E-04
  4.0921380E-04
  5.9970148E-04
  8.4711798E-04
  1.1599050E-03
  1.5483120E-03
  2.0271321E-03
  2.6193601E-03
  3.3597909E-03
  4.2967810E-03
  5.4898998E-03
  7.0013069E-03
  8.8796811E-03
  1.1137920E-02
  1.3728060E-02
  1.6523721E-02
  1.9314591E-02
  2.1831751E-02
  2.3816699E-02
  2.5108490E-02
  2.5691841E-02
  2.5683900E-02
  2.5342250E-02
  2.4996180E-02
  2.5008511E-02
  2.5779020E-02
  2.7765410E-02
  3.1476151E-02
  3.7414111E-02
  4.5941610E-02
  5.7096921E-02
  7.0374459E-02
  8.4310718E-02
  9.5416993E-02
  9.5881432E-02
  6.9598541E-02
 -3.9837081E-03
 -0.1300632    
 -0.2517686    
 -0.2563698    
 -0.1860524    
 -9.4175480E-02
 -1.1779250E-02
  1.0000000E-10
  1.0000000E-10
  1.4046950E-07
  6.0470229E-06
  2.0858981E-05
  4.8601330E-05
  9.4304902E-05
  1.6463301E-04
  2.6790291E-04
  4.1390871E-04
  6.1354617E-04
  8.7832939E-04
  1.2201529E-03
  1.6518350E-03
  2.1889890E-03
  2.8535579E-03
  3.6786420E-03
  4.7133151E-03
  6.0250079E-03
  7.6963338E-03
  9.8134195E-03
  1.2444230E-02
  1.5608670E-02
  1.9245150E-02
  2.3187039E-02
  2.7153710E-02
  3.0784899E-02
  3.3722401E-02
  3.5719179E-02
  3.6734860E-02
  3.6907610E-02
  3.6568590E-02
  3.6154300E-02
  3.6146920E-02
  3.7061550E-02
  3.9443418E-02
  4.3816861E-02
  5.0559130E-02
  5.9661511E-02
  7.0400409E-02
  8.0901183E-02
  8.7400138E-02
  8.2945094E-02
  5.6201130E-02
 -4.7922670E-03
 -9.5602773E-02
 -0.1752988    
 -0.2178750    
 -0.1874802    
 -0.1131910    
 -4.1354120E-02
 -1.0386300E-03
  1.0000000E-10
  1.0000000E-10
  2.8650140E-07
  9.5361693E-06
  3.2202239E-05
  7.3485877E-05
  1.3939930E-04
  2.3756429E-04
  3.7722921E-04
  5.6921848E-04
  8.2580978E-04
  1.1605470E-03
  1.5882930E-03
  2.1260779E-03
  2.7953931E-03
  3.6263601E-03
  4.6634190E-03
  5.9709991E-03
  7.6362230E-03
  9.7648548E-03
  1.2466910E-02
  1.5830250E-02
  1.9884400E-02
  2.4560571E-02
  2.9663241E-02
  3.4855850E-02
  3.9705761E-02
  4.3759380E-02
  4.6655931E-02
  4.8315682E-02
  4.8867669E-02
  4.8679251E-02
  4.8256829E-02
  4.8159979E-02
  4.8960261E-02
  5.1192790E-02
  5.5239700E-02
  6.1118100E-02
  6.8129003E-02
  7.4396357E-02
  7.6310903E-02
  6.7879297E-02
  4.0821470E-02
 -1.0797810E-02
 -7.9246633E-02
 -0.1353172    
 -0.1654820    
 -0.1609204    
 -0.1175761    
 -6.0033400E-02
 -1.7829850E-02
  1.4177100E-04
  1.0000000E-10
  1.0000000E-10
  3.8472751E-07
  1.2089740E-05
  4.0568852E-05
  9.1923430E-05
  1.7283350E-04
  2.9136660E-04
  4.5684591E-04
  6.7976711E-04
  9.7186322E-04
  1.3463590E-03
  1.8187030E-03
  2.4082200E-03
  3.1412209E-03
  4.0558558E-03
  5.2082660E-03
  6.6783838E-03
  8.5722934E-03
  1.1017090E-02
  1.4144480E-02
  1.8061500E-02
  2.2811020E-02
  2.8328650E-02
  3.4411691E-02
  4.0696532E-02
  4.6725411E-02
  5.1968001E-02
  5.5905879E-02
  5.8429141E-02
  5.9613571E-02
  5.9790701E-02
  5.9453730E-02
  5.9150539E-02
  5.9412610E-02
  6.0644232E-02
  6.2933400E-02
  6.5741092E-02
  6.7439623E-02
  6.4838439E-02
  5.2982468E-02
  2.6107790E-02
 -1.8166151E-02
 -6.9149368E-02
 -0.1090556    
 -0.1302930    
 -0.1285519    
 -0.1047262    
 -6.6294000E-02
 -3.0201299E-02
 -8.3272178E-03
  8.9322617E-05
  1.0000000E-10
  1.0000000E-10
  4.2535621E-07
  1.2298730E-05
  4.0943240E-05
  9.2077913E-05
  1.7164880E-04
  2.8645591E-04
  4.4383830E-04
  6.5149053E-04
  9.1764011E-04
  1.2517780E-03
  1.6663061E-03
  2.1794860E-03
  2.8198999E-03
  3.6322779E-03
  4.6838680E-03
  6.0695750E-03
  7.9130596E-03
  1.0360190E-02
  1.3561450E-02
  1.7642330E-02
  2.2664230E-02
  2.8582560E-02
  3.5214741E-02
  4.2208940E-02
  4.9142729E-02
  5.5410501E-02
  6.0424428E-02
  6.3969783E-02
  6.6009253E-02
  6.6758998E-02
  6.6605747E-02
  6.5987878E-02
  6.5266714E-02
  6.4615823E-02
  6.3726857E-02
  6.1362948E-02
  5.4887321E-02
  4.0422719E-02
  1.4290780E-02
 -2.3547459E-02
 -6.1682969E-02
 -9.0408258E-02
 -0.1051002    
 -0.1038290    
 -8.7904423E-02
 -6.2433772E-02
 -3.5600148E-02
 -1.5371540E-02
 -4.2107892E-03
  1.7658940E-05
  1.0000000E-10
  1.0000000E-10
  3.6963891E-07
  8.1207336E-06
  2.6203579E-05
  5.7217330E-05
  1.0322320E-04
  1.6591420E-04
  2.4624090E-04
  3.4433621E-04
  4.6007501E-04
  5.9462688E-04
  7.5341307E-04
  9.5069653E-04
  1.2156130E-03
  1.5989050E-03
  2.1790671E-03
  3.0661391E-03
  4.4008689E-03
  6.3464912E-03
  9.0709077E-03
  1.2718990E-02
  1.7377481E-02
  2.3037430E-02
  2.9561250E-02
  3.6653250E-02
  4.3867141E-02
  5.0817780E-02
  5.6734409E-02
  6.1283901E-02
  6.4270116E-02
  6.5718956E-02
  6.5828130E-02
  6.4859152E-02
  6.2918954E-02
  5.9869848E-02
  5.4885581E-02
  4.5989480E-02
  3.0104339E-02
  5.1496588E-03
 -2.7218580E-02
 -5.6418989E-02
 -7.7528767E-02
 -8.7692380E-02
 -8.6143903E-02
 -7.4322857E-02
 -5.5865720E-02
 -3.5918768E-02
 -1.9248329E-02
 -8.1506846E-03
 -2.2517040E-03
 -4.1504732E-06
  1.0000000E-10
  1.0000000E-10
  1.5828100E-07
 -3.8903040E-06
 -1.5597499E-05
 -4.0266968E-05
 -8.5040752E-05
 -1.5962450E-04
 -2.7634841E-04
 -4.4953081E-04
 -6.9378508E-04
 -1.0208080E-03
 -1.4344170E-03
 -1.9240420E-03
 -2.4574660E-03
 -2.9741139E-03
 -3.3802430E-03
 -3.5474380E-03
 -3.3159789E-03
 -2.5048151E-03
 -9.2871551E-04
  1.5778420E-03
  5.1313648E-03
  9.7697685E-03
  1.5422160E-02
  2.1873411E-02
  2.8755169E-02
  3.5653610E-02
  4.2032748E-02
  4.7371689E-02
  5.1254999E-02
  5.3449191E-02
  5.3912029E-02
  5.2653231E-02
  4.9509790E-02
  4.3822318E-02
  3.4102779E-02
  1.8179970E-02
 -5.4079802E-03
 -3.2445122E-02
 -5.5058502E-02
 -7.0704363E-02
 -7.7548549E-02
 -7.5380012E-02
 -6.5579027E-02
 -5.0944060E-02
 -3.5069339E-02
 -2.1179739E-02
 -1.1004870E-02
 -4.6338690E-03
 -1.2909800E-03
 -8.1653079E-06
  1.0000000E-10
  1.0000000E-10
 -4.1035071E-07
 -2.8763599E-05
 -1.0102460E-04
 -2.3745530E-04
 -4.6201440E-04
 -8.0439867E-04
 -1.2989200E-03
 -1.9819289E-03
 -2.8875580E-03
 -4.0413928E-03
 -5.4525300E-03
 -7.1052779E-03
 -8.9522079E-03
 -1.0910070E-02
 -1.2859030E-02
 -1.4645360E-02
 -1.6088391E-02
 -1.6992269E-02
 -1.7161939E-02
 -1.6422050E-02
 -1.4639210E-02
 -1.1734200E-02
 -7.6980498E-03
 -2.6408299E-03
  3.1960099E-03
  9.4630336E-03
  1.5685080E-02
  2.1292809E-02
  2.5725139E-02
  2.8516131E-02
  2.9309191E-02
  2.7723690E-02
  2.3035670E-02
  1.3991140E-02
 -6.8694912E-04
 -2.1815870E-02
 -4.2827200E-02
 -5.9870280E-02
 -7.0900232E-02
 -7.4782617E-02
 -7.1481153E-02
 -6.2233590E-02
 -4.9303658E-02
 -3.5434809E-02
 -2.3028430E-02
 -1.3442770E-02
 -6.8917102E-03
 -2.8997781E-03
 -8.1288529E-04
 -7.4497239E-06
  1.0000000E-10
  1.0000000E-10
 -1.5650700E-06
 -7.4023337E-05
 -2.5513000E-04
 -5.8987993E-04
 -1.1283190E-03
 -1.9291260E-03
 -3.0553020E-03
 -4.5672278E-03
 -6.5136012E-03
 -8.9207189E-03
 -1.1782300E-02
 -1.5052510E-02
 -1.8644080E-02
 -2.2431700E-02
 -2.6258560E-02
 -2.9944411E-02
 -3.3296179E-02
 -3.6125951E-02
 -3.8272019E-02
 -3.9594270E-02
 -3.9980400E-02
 -3.9338849E-02
 -3.7580781E-02
 -3.4694199E-02
 -3.0759050E-02
 -2.5983291E-02
 -2.0749370E-02
 -1.5626760E-02
 -1.1319360E-02
 -8.6059086E-03
 -8.3223730E-03
 -1.1339000E-02
 -1.8518560E-02
 -3.0451611E-02
 -4.6422821E-02
 -6.0546100E-02
 -7.1813866E-02
 -7.8216203E-02
 -7.8834422E-02
 -7.3695213E-02
 -6.3828513E-02
 -5.1109519E-02
 -3.7768509E-02
 -2.5742110E-02
 -1.6159169E-02
 -9.2615383E-03
 -4.7137081E-03
 -1.9803119E-03
 -5.5642438E-04
 -5.7010589E-06
  1.0000000E-10
  1.0000000E-10
 -3.7520890E-06
 -1.4551450E-04
 -4.9529900E-04
 -1.1329000E-03
 -2.1424559E-03
 -3.6168001E-03
 -5.6470120E-03
 -8.3085243E-03
 -1.1645950E-02
 -1.5657909E-02
 -2.0285320E-02
 -2.5408160E-02
 -3.0856211E-02
 -3.6432680E-02
 -4.1937090E-02
 -4.7178071E-02
 -5.1991381E-02
 -5.6287602E-02
 -6.0073368E-02
 -6.3273877E-02
 -6.5800317E-02
 -6.7627512E-02
 -6.8630412E-02
 -6.8684094E-02
 -6.7690410E-02
 -6.5657452E-02
 -6.2790453E-02
 -5.9562679E-02
 -5.6724209E-02
 -5.5246111E-02
 -5.6172699E-02
 -6.0075529E-02
 -6.6854827E-02
 -7.5656720E-02
 -8.2951881E-02
 -8.8203073E-02
 -8.9950398E-02
 -8.7145843E-02
 -7.9706334E-02
 -6.8496957E-02
 -5.5097468E-02
 -4.1403141E-02
 -2.9069269E-02
 -1.9079400E-02
 -1.1672730E-02
 -6.5768198E-03
 -3.3098650E-03
 -1.3813230E-03
 -3.8579851E-04
 -3.1780580E-06
  1.0000000E-10
  1.0000000E-10
 -7.1493018E-06
 -2.5716331E-04
 -8.6901692E-04
 -1.9715680E-03
 -3.6920130E-03
 -6.1619859E-03
 -9.4945263E-03
 -1.3748590E-02
 -1.8894600E-02
 -2.4797410E-02
 -3.1229001E-02
 -3.7912682E-02
 -4.4582982E-02
 -5.1024120E-02
 -5.7064392E-02
 -6.2583491E-02
 -6.7583688E-02
 -7.2211102E-02
 -7.6519020E-02
 -8.0769546E-02
 -8.4973648E-02
 -8.9110114E-02
 -9.3036123E-02
 -9.6502498E-02
 -9.9215828E-02
 -0.1009409    
 -0.1016168    
 -0.1014438    
 -0.1008865    
 -0.1005639    
 -0.1010456    
 -0.1024873    
 -0.1044233    
 -0.1056943    
 -0.1053741    
 -0.1026335    
 -9.6410356E-02
 -8.6653367E-02
 -7.3858067E-02
 -5.9420500E-02
 -4.4995461E-02
 -3.2050021E-02
 -2.1499800E-02
 -1.3591250E-02
 -8.0757588E-03
 -4.4551389E-03
 -2.2078659E-03
 -9.0928649E-04
 -2.5021739E-04
 -6.9655800E-07
  1.0000000E-10
  1.0000000E-10
 -1.5345089E-05
 -4.7826159E-04
 -1.5942190E-03
 -3.5669231E-03
 -6.5699629E-03
 -1.0741620E-02
 -1.6113229E-02
 -2.2558451E-02
 -2.9793900E-02
 -3.7412141E-02
 -4.4962250E-02
 -5.2049842E-02
 -5.8444589E-02
 -6.4017393E-02
 -6.8659060E-02
 -7.2497487E-02
 -7.5861253E-02
 -7.9025172E-02
 -8.2495123E-02
 -8.6556166E-02
 -9.1426998E-02
 -9.7154491E-02
 -0.1035715    
 -0.1103005    
 -0.1168127    
 -0.1225405    
 -0.1270161    
 -0.1299891    
 -0.1314656    
 -0.1316423    
 -0.1307473    
 -0.1288479    
 -0.1257365    
 -0.1208347    
 -0.1141446    
 -0.1050159    
 -9.2692487E-02
 -7.8309290E-02
 -6.2605783E-02
 -4.7202691E-02
 -3.3531249E-02
 -2.2476129E-02
 -1.4323780E-02
 -8.7029617E-03
 -5.0160741E-03
 -2.6990459E-03
 -1.3085840E-03
 -5.2750087E-04
 -1.4138280E-04
  1.0247500E-06
  1.0000000E-10
  1.0000000E-10
 -3.7636950E-05
 -9.6825667E-04
 -3.1561290E-03
 -6.8966071E-03
 -1.2344820E-02
 -1.9429469E-02
 -2.7812289E-02
 -3.6907900E-02
 -4.5999698E-02
 -5.4417379E-02
 -6.1662730E-02
 -6.7439809E-02
 -7.1649447E-02
 -7.4226581E-02
 -7.5428672E-02
 -7.5758077E-02
 -7.5849079E-02
 -7.6286659E-02
 -7.7602997E-02
 -8.0251887E-02
 -8.4549934E-02
 -9.0615690E-02
 -9.8321058E-02
 -0.1072622    
 -0.1167701    
 -0.1259972    
 -0.1340597    
 -0.1401999    
 -0.1439044    
 -0.1449393    
 -0.1432869    
 -0.1390311    
 -0.1322606    
 -0.1230170    
 -0.1114318    
 -9.7220719E-02
 -8.0700502E-02
 -6.3638873E-02
 -4.7258649E-02
 -3.3084549E-02
 -2.1934349E-02
 -1.3928650E-02
 -8.4948530E-03
 -4.9791620E-03
 -2.7808910E-03
 -1.4512760E-03
 -6.8164599E-04
 -2.6555441E-04
 -6.8081114E-05
  1.6774020E-06
  1.0000000E-10
  1.0000000E-10
 -1.0591780E-04
 -2.1544429E-03
 -6.7941952E-03
 -1.4332560E-02
 -2.4455041E-02
 -3.6353759E-02
 -4.8812360E-02
 -6.0519781E-02
 -7.0405968E-02
 -7.7803463E-02
 -8.2434490E-02
 -8.4427997E-02
 -8.3896957E-02
 -8.1288032E-02
 -7.7526920E-02
 -7.3425770E-02
 -6.9764197E-02
 -6.7132890E-02
 -6.6004664E-02
 -6.6745251E-02
 -6.9630548E-02
 -7.4805863E-02
 -8.2229808E-02
 -9.1634229E-02
 -0.1024272    
 -0.1137224    
 -0.1244070    
 -0.1333144    
 -0.1394082    
 -0.1419425    
 -0.1405334    
 -0.1351436    
 -0.1260239    
 -0.1136395    
 -9.8474823E-02
 -8.0658637E-02
 -6.2975347E-02
 -4.6333332E-02
 -3.2203071E-02
 -2.1268919E-02
 -1.3457730E-02
 -8.2026646E-03
 -4.8124101E-03
 -2.7067240E-03
 -1.4452280E-03
 -7.1861059E-04
 -3.2044901E-04
 -1.1787570E-04
 -2.7966400E-05
  1.5391360E-06
  1.0000000E-10
  1.0000000E-10
 -3.3959380E-04
 -5.2213990E-03
 -1.5671641E-02
 -3.1155489E-02
 -4.9605031E-02
 -6.8266474E-02
 -8.4597386E-02
 -9.6915618E-02
 -0.1044498    
 -0.1071238    
 -0.1056596    
 -0.1004058    
 -9.2527390E-02
 -8.3577752E-02
 -7.4647479E-02
 -6.6594109E-02
 -6.0002320E-02
 -5.5187579E-02
 -5.2316342E-02
 -5.1519912E-02
 -5.2931640E-02
 -5.6669131E-02
 -6.2717922E-02
 -7.1009137E-02
 -8.1154428E-02
 -9.2494793E-02
 -0.1040072    
 -0.1144222    
 -0.1223955    
 -0.1267324    
 -0.1265983    
 -0.1216504    
 -0.1121066    
 -9.8689876E-02
 -8.2114033E-02
 -6.4463593E-02
 -4.7794469E-02
 -3.3309299E-02
 -2.1917591E-02
 -1.3679090E-02
 -8.1296600E-03
 -4.5997500E-03
 -2.4629650E-03
 -1.2338600E-03
 -5.6653499E-04
 -2.2937570E-04
 -7.5413467E-05
 -1.5865660E-05
  4.5913231E-07
  1.7402380E-06
  1.0000000E-10
  1.0000000E-10
 -1.1272910E-03
 -1.3104360E-02
 -3.6573611E-02
 -6.7148387E-02
 -9.7749241E-02
 -0.1225519    
 -0.1387272    
 -0.1458150    
 -0.1446999    
 -0.1374471    
 -0.1245861    
 -0.1092706    
 -9.3642779E-02
 -7.9121873E-02
 -6.6530481E-02
 -5.6249160E-02
 -4.8352461E-02
 -4.2726811E-02
 -3.9203949E-02
 -3.7669670E-02
 -3.8081858E-02
 -4.0464628E-02
 -4.4841450E-02
 -5.1307172E-02
 -5.9606411E-02
 -6.9384627E-02
 -7.9894848E-02
 -9.0061039E-02
 -9.8583177E-02
 -0.1041043    
 -0.1054820    
 -0.1020387    
 -9.3774423E-02
 -8.1327200E-02
 -6.6000573E-02
 -5.0241631E-02
 -3.5701688E-02
 -2.3665329E-02
 -1.4635280E-02
 -8.4102387E-03
 -4.4354610E-03
 -2.0782161E-03
 -7.9106481E-04
 -1.6302160E-04
  8.8897468E-05
  1.4652481E-04
  1.1923900E-04
  6.8253838E-05
  2.5056959E-05
  2.3819509E-06
  1.0000000E-10
  1.0000000E-10
 -3.6374941E-03
 -3.2046922E-02
 -8.1715681E-02
 -0.1365705    
 -0.1794028    
 -0.2026386    
 -0.2079803    
 -0.1999301    
 -0.1815122    
 -0.1561769    
 -0.1301251    
 -0.1059005    
 -8.4967963E-02
 -6.7768909E-02
 -5.4197770E-02
 -4.3876499E-02
 -3.6335189E-02
 -3.1107640E-02
 -2.7808260E-02
 -2.6186220E-02
 -2.6108380E-02
 -2.7544400E-02
 -3.0508900E-02
 -3.5083681E-02
 -4.1201551E-02
 -4.8726339E-02
 -5.7168420E-02
 -6.5737687E-02
 -7.3413812E-02
 -7.8973681E-02
 -8.1244297E-02
 -7.9380579E-02
 -7.3138721E-02
 -6.3053817E-02
 -5.0597291E-02
 -3.7622619E-02
 -2.5796320E-02
 -1.6253350E-02
 -9.3141655E-03
 -4.7157910E-03
 -1.9358890E-03
 -4.2419520E-04
  2.7862671E-04
  5.0994923E-04
  4.9666152E-04
  3.8007679E-04
  2.4122800E-04
  1.2202740E-04
  4.1356980E-05
  3.0892741E-06
  1.0000000E-10
  1.0000000E-10
 -1.0936580E-02
 -7.1763597E-02
 -0.1649012    
 -0.2514852    
 -0.2982908    
 -0.3011847    
 -0.2786919    
 -0.2387348    
 -0.1937475    
 -0.1519196    
 -0.1171814    
 -8.9389473E-02
 -6.7940690E-02
 -5.1792812E-02
 -3.9881609E-02
 -3.1271920E-02
 -2.5205100E-02
 -2.1088719E-02
 -1.8493010E-02
 -1.7150430E-02
 -1.6914830E-02
 -1.7739831E-02
 -1.9630549E-02
 -2.2651849E-02
 -2.6808079E-02
 -3.2049142E-02
 -3.8105160E-02
 -4.4486180E-02
 -5.0474290E-02
 -5.5133510E-02
 -5.7475399E-02
 -5.6698531E-02
 -5.2503020E-02
 -4.5286890E-02
 -3.6112592E-02
 -2.6399720E-02
 -1.7561480E-02
 -1.0524580E-02
 -5.5187340E-03
 -2.3086851E-03
 -4.6729131E-04
  4.3994241E-04
  7.6844828E-04
  7.7592040E-04
  6.3353672E-04
  4.4578381E-04
  2.6996629E-04
  1.3290680E-04
  4.4345761E-05
  3.2345370E-06
  1.0000000E-10
  1.0000000E-10
 -3.0304389E-02
 -0.1390973    
 -0.2860767    
 -0.4146176    
 -0.4462034    
 -0.3927371    
 -0.3099115    
 -0.2311345    
 -0.1680122    
 -0.1217908    
 -8.8233612E-02
 -6.4019009E-02
 -4.6753630E-02
 -3.4514621E-02
 -2.5889549E-02
 -1.9862721E-02
 -1.5716590E-02
 -1.2943470E-02
 -1.1197770E-02
 -1.0270800E-02
 -1.0048210E-02
 -1.0490590E-02
 -1.1598580E-02
 -1.3416890E-02
 -1.5968880E-02
 -1.9244060E-02
 -2.3105361E-02
 -2.7275531E-02
 -3.1309891E-02
 -3.4594569E-02
 -3.6440641E-02
 -3.6246769E-02
 -3.3745561E-02
 -2.9166130E-02
 -2.3176940E-02
 -1.6732359E-02
 -1.0851620E-02
 -6.2041138E-03
 -2.9498800E-03
 -9.1787562E-04
  1.9376480E-04
  6.8653340E-04
  8.0383458E-04
  7.2091498E-04
  5.5401551E-04
  3.7398370E-04
  2.1883870E-04
  1.0444610E-04
  3.3804550E-05
  2.2110951E-06
  1.0000000E-10
  1.0000000E-10
 -7.5764343E-02
 -0.2275704    
 -0.4065625    
 -0.5877980    
 -0.5851433    
 -0.3821903    
 -0.2506676    
 -0.1630875    
 -0.1092363    
 -7.4462406E-02
 -5.1543619E-02
 -3.6128320E-02
 -2.5691191E-02
 -1.8570781E-02
 -1.3694060E-02
 -1.0357150E-02
 -8.0953920E-03
 -6.5958840E-03
 -5.6527159E-03
 -5.1439139E-03
 -5.0026719E-03
 -5.2052741E-03
 -5.7512159E-03
 -6.6654282E-03
 -7.9673929E-03
 -9.6597234E-03
 -1.1683370E-02
 -1.3906460E-02
 -1.6102310E-02
 -1.7944740E-02
 -1.9052319E-02
 -1.9075099E-02
 -1.7839929E-02
 -1.5451510E-02
 -1.2252480E-02
 -8.7611144E-03
 -5.5625550E-03
 -3.0461031E-03
 -1.3045711E-03
 -2.4011770E-04
  3.1855801E-04
  5.4066541E-04
  5.6142488E-04
  4.7765739E-04
  3.5377959E-04
  2.2966250E-04
  1.2727150E-04
  5.5756060E-05
  1.5434411E-05
 -1.8350610E-07
  1.0000000E-10
  1.0000000E-10
 -0.2485549    
 -0.3726617    
 -0.4216364    
 -0.6302502    
 -0.4120024    
 -0.1798176    
 -9.6976802E-02
 -5.6288630E-02
 -3.5262499E-02
 -2.2996770E-02
 -1.5428660E-02
 -1.0560700E-02
 -7.3723509E-03
 -5.2503902E-03
 -3.8239970E-03
 -2.8615361E-03
 -2.2157091E-03
 -1.7900320E-03
 -1.5222690E-03
 -1.3760470E-03
 -1.3314420E-03
 -1.3813000E-03
 -1.5253390E-03
 -1.7709089E-03
 -2.1251149E-03
 -2.5906239E-03
 -3.1539791E-03
 -3.7817070E-03
 -4.4124001E-03
 -4.9544540E-03
 -5.2970708E-03
 -5.3344239E-03
 -5.0098919E-03
 -4.3481980E-03
 -3.4420539E-03
 -2.4396270E-03
 -1.5171421E-03
 -7.9388003E-04
 -2.9848231E-04
 -1.6719780E-06
  1.4776170E-04
  1.9997740E-04
  1.9465441E-04
  1.6000100E-04
  1.1480570E-04
  7.0922273E-05
  3.5283771E-05
  1.1374310E-05
 -2.0740559E-08
 -2.3800501E-06
  1.0000000E-10
  1.0000000E-10
 -0.2485549    
 -0.3726617    
 -0.4216365    
 -0.6302503    
  1.0000000E-10
  1.0000000E-10
  1.0000000E-10
  1.0000000E-10
  1.0000000E-10
  1.0000000E-10
  1.0000000E-10
  1.0000000E-10
  1.0000000E-10
  1.0000000E-10
  1.0000000E-10
  1.0000000E-10
  1.0000000E-10
  1.0000000E-10
  1.0000000E-10
  1.0000000E-10
  1.0000000E-10
  1.0000000E-10
  1.0000000E-10
  1.0000000E-10
  1.0000000E-10
  1.0000000E-10
  1.0000000E-10
  1.0000000E-10
  1.0000000E-10
  1.0000000E-10
  1.0000000E-10
  1.0000000E-10
  1.0000000E-10
  1.0000000E-10
  1.0000000E-10
  1.0000000E-10
  1.0000000E-10
  1.0000000E-10
  1.0000000E-10
  1.0000000E-10
  1.0000000E-10
  1.0000000E-10
  1.0000000E-10
  1.0000000E-10
  1.0000000E-10
  1.0000000E-10
  1.0000000E-10
  1.0000000E-10
  1.0000000E-10
  1.0000000E-10
  1.0000000E-10
