  1.0000000E-10
  1.0000000E-10
  1.0000000E-10
  1.0000000E-10
  1.0000000E-10
  1.0000000E-10
  1.0000000E-10
  1.0000000E-10
  1.0000000E-10
  1.0000000E-10
  1.0000000E-10
  1.0000000E-10
  1.0000000E-10
  1.0000000E-10
  1.0000000E-10
  1.0000000E-10
  1.0000000E-10
  1.0000000E-10
  1.0000000E-10
  1.0000000E-10
  1.0000000E-10
   1.000000    
   1.000000    
   1.000000    
   1.000000    
  1.0000000E-10
  1.0000000E-10
 -4.9838400E-07
 -8.0863231E-08
  4.1940370E-07
  6.7469739E-07
  6.9216031E-07
  5.3531448E-07
  2.1589990E-07
 -2.4868831E-07
 -9.4996182E-07
 -1.6749740E-06
 -2.2630711E-06
 -2.2349880E-06
 -2.6789130E-06
 -4.6835999E-06
 -1.0018780E-05
 -3.9977142E-05
 -9.8328317E-05
 -9.6991850E-04
 -1.0071740E-03
  8.6182794E-03
  0.9928618    
   1.011294    
   1.031760    
  0.9004627    
  1.0000000E-10
  1.0000000E-10
 -1.1440890E-07
  2.9130999E-06
  6.7815290E-06
  9.2527316E-06
  8.6678947E-06
  3.7562049E-06
 -6.6123639E-06
 -2.3490729E-05
 -4.6532889E-05
 -7.2434530E-05
 -8.8866072E-05
 -1.0003450E-04
 -1.0400330E-04
 -1.9227569E-04
 -2.6126360E-04
 -9.5838570E-04
 -1.1689990E-03
 -7.4562971E-03
  1.5586769E-03
  5.4575332E-02
  0.9906823    
   1.042004    
   1.054756    
  0.7440565    
  1.0000000E-10
  1.0000000E-10
  2.0345501E-06
  1.0851240E-05
  2.1165370E-05
  2.7802220E-05
  2.5318541E-05
  8.7586759E-06
 -2.6162370E-05
 -8.3369181E-05
 -1.6104200E-04
 -2.4869989E-04
 -3.0355310E-04
 -3.4360451E-04
 -3.5488041E-04
 -6.5316848E-04
 -8.6017989E-04
 -3.0770879E-03
 -3.3873450E-03
 -1.8377310E-02
  1.1258220E-02
  0.1248978    
  0.9948085    
   1.075709    
   1.032373    
  0.5481154    
  1.0000000E-10
  1.0000000E-10
  6.7248998E-06
  2.5239340E-05
  4.4811291E-05
  5.6821729E-05
  4.9862279E-05
  1.1999630E-05
 -6.7448877E-05
 -1.9791310E-04
 -3.7468731E-04
 -5.7419279E-04
 -6.9870631E-04
 -7.9187693E-04
 -8.1605959E-04
 -1.4803550E-03
 -1.9205270E-03
 -6.5515912E-03
 -6.8315300E-03
 -2.9506341E-02
  3.0695060E-02
  0.2157416    
   1.004326    
   1.086362    
  0.9520781    
  0.3772074    
  1.0000000E-10
  1.0000000E-10
  1.3882220E-05
  4.6328230E-05
  7.7688477E-05
  9.5082280E-05
  7.9044177E-05
  6.7828942E-06
 -1.4335000E-04
 -3.8980041E-04
 -7.2347122E-04
 -1.0991090E-03
 -1.3341010E-03
 -1.5098531E-03
 -1.5551940E-03
 -2.7567600E-03
 -3.5555610E-03
 -1.1289020E-02
 -1.1447970E-02
 -3.5996869E-02
  6.1387051E-02
  0.3157054    
   1.011983    
   1.062374    
  0.8323933    
  0.2670346    
  1.0000000E-10
  1.0000000E-10
  2.2975890E-05
  7.2947238E-05
  1.1788540E-04
  1.3901290E-04
  1.0637660E-04
 -1.8036490E-05
 -2.7268779E-04
 -6.8951928E-04
 -1.2535420E-03
 -1.8856199E-03
 -2.2825601E-03
 -2.5739060E-03
 -2.6509729E-03
 -4.5550521E-03
 -5.8751060E-03
 -1.6955510E-02
 -1.6705580E-02
 -3.3849280E-02
  0.1053026    
  0.4213969    
   1.009743    
   1.004479    
  0.6975529    
  0.1978352    
  1.0000000E-10
  1.0000000E-10
  3.3011380E-05
  1.0215530E-04
  1.6053540E-04
  1.8115240E-04
  1.2040070E-04
 -7.9928846E-05
 -4.8207349E-04
 -1.1368650E-03
 -2.0218929E-03
 -3.0071691E-03
 -3.6276439E-03
 -4.0668142E-03
 -4.1870400E-03
 -6.9152722E-03
 -8.9329267E-03
 -2.2967840E-02
 -2.1453271E-02
 -2.0201171E-02
  0.1609216    
  0.5109794    
  0.9923462    
  0.9203228    
  0.5701559    
  0.1532642    
  1.0000000E-10
  1.0000000E-10
  4.2498039E-05
  1.2906161E-04
  1.9710961E-04
  2.0879621E-04
  1.0291810E-04
 -2.0470140E-04
 -8.0794783E-04
 -1.7826220E-03
 -3.0970220E-03
 -4.5471690E-03
 -5.4597771E-03
 -6.0701389E-03
 -6.2397341E-03
 -9.8156817E-03
 -1.2654350E-02
 -2.8565619E-02
 -2.3884190E-02
  5.9467531E-03
  0.2263427    
  0.5843397    
  0.9574875    
  0.8204277    
  0.4631293    
  0.1220663    
  1.0000000E-10
  1.0000000E-10
  4.9469731E-05
  1.4685070E-04
  2.1516590E-04
  2.0311920E-04
  2.7467509E-05
 -4.2849680E-04
 -1.2988450E-03
 -2.6907171E-03
 -4.5600720E-03
 -6.5977732E-03
 -7.8713046E-03
 -8.6543318E-03
 -8.8618314E-03
 -1.3141030E-02
 -1.6832501E-02
 -3.2870620E-02
 -2.1860130E-02
  4.4799469E-02
  0.2969305    
  0.6376582    
  0.9046330    
  0.7151071    
  0.3786311    
  9.8818339E-02
  1.0000000E-10
  1.0000000E-10
  5.1565861E-05
  1.4702340E-04
  1.9858450E-04
  1.3897930E-04
 -1.4164551E-04
 -7.9956558E-04
 -2.0178431E-03
 -3.9409860E-03
 -6.5067229E-03
 -9.2589483E-03
 -1.0950610E-02
 -1.1861920E-02
 -1.2035960E-02
 -1.6699551E-02
 -2.1099620E-02
 -3.4929998E-02
 -1.2344560E-02
  9.2687570E-02
  0.3615022    
  0.6690928    
  0.8358723    
  0.6132292    
  0.3130900    
  8.1362560E-02
  1.0000000E-10
  1.0000000E-10
  4.6166759E-05
  1.1983040E-04
  1.2821671E-04
 -1.4593250E-05
 -4.4962781E-04
 -1.3797710E-03
 -3.0455000E-03
 -5.6332699E-03
 -9.0509364E-03
 -1.2639020E-02
 -1.4775920E-02
 -1.5684430E-02
 -1.5657470E-02
 -2.0226801E-02
 -2.4918450E-02
 -3.3749610E-02
  6.2100040E-03
  0.1476852    
  0.4182562    
  0.6793243    
  0.7558650    
  0.5212122    
  0.2617969    
  6.8151101E-02
  1.0000000E-10
  1.0000000E-10
  3.0514440E-05
  5.4670949E-05
 -1.7474589E-05
 -2.9380110E-04
 -9.5135719E-04
 -2.2464290E-03
 -4.4841268E-03
 -7.8940224E-03
 -1.2331840E-02
 -1.6857261E-02
 -1.9403519E-02
 -2.0043040E-02
 -1.9514160E-02
 -2.3404280E-02
 -2.7582360E-02
 -2.8045639E-02
  3.4639340E-02
  0.2063634    
  0.4635521    
  0.6697265    
  0.6703675    
  0.4417696    
  0.2207318    
  5.7762090E-02
  1.0000000E-10
  1.0000000E-10
  1.6743680E-06
 -6.0035520E-05
 -2.6268489E-04
 -7.4071571E-04
 -1.7130370E-03
 -3.4961500E-03
 -6.4649838E-03
 -1.0886800E-02
 -1.6524550E-02
 -2.2047659E-02
 -2.4847360E-02
 -2.4778640E-02
 -2.3290850E-02
 -2.5849139E-02
 -2.8211281E-02
 -1.6182970E-02
  7.0478849E-02
  0.2599170    
  0.4950286    
  0.6427528    
  0.5850772    
  0.3743563    
  0.1869619    
  4.9208179E-02
  1.0000000E-10
  1.0000000E-10
 -4.3856351E-05
 -2.3819390E-04
 -6.3674530E-04
 -1.4071310E-03
 -2.8179230E-03
 -5.2533848E-03
 -9.1606481E-03
 -1.4827860E-02
 -2.1854000E-02
 -2.8361170E-02
 -3.1055611E-02
 -2.9640960E-02
 -2.6589669E-02
 -2.7086191E-02
 -2.5773721E-02
  2.7426400E-03
  0.1138158    
  0.3077036    
  0.5120957    
  0.6020707    
  0.5047897    
  0.3171265    
  0.1585530    
  4.1936640E-02
  1.0000000E-10
  1.0000000E-10
 -1.1105740E-04
 -4.9919641E-04
 -1.1799760E-03
 -2.3634729E-03
 -4.3785730E-03
 -7.6862122E-03
 -1.2803940E-02
 -2.0004859E-02
 -2.8601941E-02
 -3.5948422E-02
 -3.7870590E-02
 -3.4290131E-02
 -2.8952150E-02
 -2.6518101E-02
 -1.8724050E-02
  2.8561929E-02
  0.1588779    
  0.3470348    
  0.5148095    
  0.5519610    
  0.4325998    
  0.2684272    
  0.1343302    
  3.5652820E-02
  1.0000000E-10
  1.0000000E-10
 -2.0781231E-04
 -8.7296049E-04
 -1.9531019E-03
 -3.7131549E-03
 -6.5560718E-03
 -1.1029110E-02
 -1.7709831E-02
 -2.6784820E-02
 -3.7072830E-02
 -4.4872839E-02
 -4.4997741E-02
 -3.8314700E-02
 -2.9878270E-02
 -2.3454091E-02
 -6.2851589E-03
  5.9126720E-02
  0.2011831    
  0.3764151    
  0.5043627    
  0.4969394    
  0.3697462    
  0.2272011    
  0.1137095    
  3.0239969E-02
  1.0000000E-10
  1.0000000E-10
 -3.4671309E-04
 -1.4063310E-03
 -3.0491999E-03
 -5.6105149E-03
 -9.5830252E-03
 -1.5606540E-02
 -2.4286740E-02
 -3.5586711E-02
 -4.7508519E-02
 -5.4994959E-02
 -5.2008640E-02
 -4.1265160E-02
 -2.8854730E-02
 -1.7069580E-02
  1.2123730E-02
  9.6178517E-02
  0.2395942    
  0.3953132    
  0.4829451    
  0.4412041    
  0.3160473    
  0.1926545    
  9.6370980E-02
  2.5656000E-02
  1.0000000E-10
  1.0000000E-10
 -5.4697198E-04
 -2.1698661E-03
 -4.6062819E-03
 -8.2793208E-03
 -1.3785680E-02
 -2.1850601E-02
 -3.3033080E-02
 -4.6856519E-02
 -6.0115971E-02
 -6.6063322E-02
 -5.8436502E-02
 -4.2731579E-02
 -2.5425730E-02
 -6.4189141E-03
  3.5411421E-02
  0.1320988    
  0.2719945    
  0.4037466    
  0.4532783    
  0.3879814    
  0.2705212    
  0.1638623    
  8.1911214E-02
  2.1818720E-02
  1.0000000E-10
  1.0000000E-10
 -8.3846622E-04
 -3.2707250E-03
 -6.8286699E-03
 -1.2040070E-02
 -1.9610710E-02
 -3.0316960E-02
 -4.4548079E-02
 -6.1154399E-02
 -7.4581169E-02
 -7.6891936E-02
 -6.3839063E-02
 -4.2431969E-02
 -1.9310329E-02
  8.6097643E-03
  6.3510038E-02
  0.1666309    
  0.2976725    
  0.4025370    
  0.4182399    
  0.3391518    
  0.2318862    
  0.1397502    
  6.9797017E-02
  1.8593829E-02
  1.0000000E-10
  1.0000000E-10
 -1.2624260E-03
 -4.8525818E-03
 -9.9811163E-03
 -1.7287960E-02
 -2.7568109E-02
 -4.1565310E-02
 -5.9317950E-02
 -7.7572912E-02
 -8.9029357E-02
 -8.6582243E-02
 -6.7649417E-02
 -4.0160570E-02
 -9.9956058E-03
  2.7644090E-02
  9.4357058E-02
  0.1983697    
  0.3160494    
  0.3927790    
  0.3802678    
  0.2951655    
  0.1987314    
  0.1191981    
  5.9437670E-02
  1.5822880E-02
  1.0000000E-10
  1.0000000E-10
 -1.8608650E-03
 -7.0549231E-03
 -1.4304080E-02
 -2.4342190E-02
 -3.7979681E-02
 -5.5750910E-02
 -7.6325484E-02
 -9.4683059E-02
 -0.1029261    
 -9.4744638E-02
 -6.9740564E-02
 -3.5622150E-02
  2.9283790E-03
  5.0095171E-02
  0.1245114    
  0.2258897    
  0.3266698    
  0.3754892    
  0.3409450    
  0.2553591    
  0.1695878    
  0.1011480    
  5.0291870E-02
  1.3359890E-02
  1.0000000E-10
  1.0000000E-10
 -2.6573821E-03
 -9.9418014E-03
 -1.9872351E-02
 -3.3211559E-02
 -5.0626069E-02
 -7.1897671E-02
 -9.4195120E-02
 -0.1112511    
 -0.1148739    
 -0.1002640    
 -6.9098108E-02
 -2.7395479E-02
  1.8645130E-02
  7.5735644E-02
  0.1532292    
  0.2479548    
  0.3290876    
  0.3514262    
  0.3009585    
  0.2185374    
  0.1430905    
  8.4696829E-02
  4.1905280E-02
  1.1085470E-02
  1.0000000E-10
  1.0000000E-10
 -3.6315271E-03
 -1.3414200E-02
 -2.6438151E-02
 -4.3373831E-02
 -6.4497173E-02
 -8.8451318E-02
 -0.1111686    
 -0.1253166    
 -0.1232962    
 -0.1021497    
 -6.4695098E-02
 -1.6650939E-02
  3.6601931E-02
  0.1006912    
  0.1783713    
  0.2629903    
  0.3227114    
  0.3210854    
  0.2603981    
  0.1835606    
  0.1182137    
  6.9219723E-02
  3.3978790E-02
  8.9252694E-03
  1.0000000E-10
  1.0000000E-10
 -4.7050999E-03
 -1.7171500E-02
 -3.3384562E-02
 -5.3772371E-02
 -7.7866711E-02
 -0.1033299    
 -0.1248464    
 -0.1346984    
 -0.1265373    
 -9.9221408E-02
 -5.6165151E-02
 -2.3760900E-03
  5.7452839E-02
  0.1237565    
  0.1982195    
  0.2694128    
  0.3071278    
  0.2850506    
  0.2193381    
  0.1498386    
  9.4513573E-02
  5.4501042E-02
  2.6439760E-02
  6.8691601E-03
  1.0000000E-10
  1.0000000E-10
 -5.7171569E-03
 -2.0632640E-02
 -3.9595861E-02
 -6.2645309E-02
 -8.8574462E-02
 -0.1139966    
 -0.1327470    
 -0.1373827    
 -0.1231040    
 -9.0231597E-02
 -4.2273208E-02
  1.4576830E-02
  7.8242287E-02
  0.1431658    
  0.2095765    
  0.2655028    
  0.2826045    
  0.2444805    
  0.1783925    
  0.1175874    
  7.2195567E-02
  4.0719070E-02
  1.9420341E-02
  4.9631801E-03
  1.0000000E-10
  1.0000000E-10
 -6.4690141E-03
 -2.3116151E-02
 -4.3847360E-02
 -6.8253458E-02
 -9.4426706E-02
 -0.1181639    
 -0.1329426    
 -0.1320580    
 -0.1122371    
 -7.4890323E-02
 -2.3907701E-02
  3.4776181E-02
  9.4118983E-02
  0.1544830    
  0.2119379    
  0.2523274    
  0.2503663    
  0.2013042    
  0.1388461    
  8.7693267E-02
  5.1952351E-02
  2.8458631E-02
  1.3238200E-02
  3.2989350E-03
  1.0000000E-10
  1.0000000E-10
 -6.7597870E-03
 -2.3958029E-02
 -4.5000959E-02
 -6.9095157E-02
 -9.3802214E-02
 -0.1144584    
 -0.1246234    
 -0.1185361    
 -9.4199643E-02
 -5.3468481E-02
 -3.8303901E-03
  4.8595048E-02
  0.1042253    
  0.1590409    
  0.2063655    
  0.2313202    
  0.2125519    
  0.1580753    
  0.1024168    
  6.1329000E-02
  3.4567252E-02
  1.8143401E-02
  8.1129586E-03
  1.9369610E-03
  1.0000000E-10
  1.0000000E-10
 -6.4810780E-03
 -2.2824559E-02
 -4.2542040E-02
 -6.4615928E-02
 -8.6341731E-02
 -0.1029892    
 -0.1085440    
 -9.8247513E-02
 -7.1213514E-02
 -3.0361470E-02
  1.1514990E-02
  5.9821121E-02
  0.1102078    
  0.1579479    
  0.1942865    
  0.2043678    
  0.1720703    
  0.1175313    
  7.0668437E-02
  3.9179221E-02
  2.0626949E-02
  1.0072930E-02
  4.1770940E-03
  9.0877683E-04
  1.0000000E-10
  1.0000000E-10
 -5.6786700E-03
 -1.9894920E-02
 -3.6844060E-02
 -5.5453200E-02
 -7.3105961E-02
 -8.5319713E-02
 -8.6774863E-02
 -7.3644817E-02
 -4.5546189E-02
 -1.1657650E-02
  2.5958810E-02
  6.8785943E-02
  0.1127633    
  0.1522778    
  0.1773484    
  0.1736295    
  0.1321336    
  8.1938803E-02
  4.4468489E-02
  2.2335330E-02
  1.0364190E-02
  4.2824880E-03
  1.4117110E-03
  2.0087640E-04
  1.0000000E-10
  1.0000000E-10
 -4.4970270E-03
 -1.5662100E-02
 -2.8789589E-02
 -4.2850729E-02
 -5.5610489E-02
 -6.3316718E-02
 -6.1390061E-02
 -4.7099400E-02
 -2.2174031E-02
  6.5198932E-03
  3.9023329E-02
  7.5583488E-02
  0.1123809    
  0.1431085    
  0.1572164    
  0.1412866    
  9.5567577E-02
  5.2384779E-02
  2.5007620E-02
  1.0363520E-02
  3.3135291E-03
  4.1637130E-04
 -3.9020099E-04
 -2.4916441E-04
  1.0000000E-10
  1.0000000E-10
 -3.0824260E-03
 -1.0646390E-02
 -1.9363740E-02
 -2.8351299E-02
 -3.5795029E-02
 -3.8938709E-02
 -3.4860481E-02
 -2.1901160E-02
 -4.3448480E-04
  2.3192320E-02
  5.0138440E-02
  8.0100738E-02
  0.1094804    
  0.1314525    
  0.1353621    
  0.1092462    
  6.4453177E-02
  3.0376710E-02
  1.1547860E-02
  2.4215230E-03
 -1.1890820E-03
 -1.9677030E-03
 -1.4662259E-03
 -5.0875108E-04
  1.0000000E-10
  1.0000000E-10
 -1.5421510E-03
 -5.2343551E-03
 -9.3133142E-03
 -1.3174890E-02
 -1.5665390E-02
 -1.5060730E-02
 -9.4696106E-03
  2.2479049E-03
  1.9737359E-02
  3.7951268E-02
  5.9012700E-02
  8.2339473E-02
  0.1044695    
  0.1181749    
  0.1128418    
  7.9892717E-02
  3.9821628E-02
  1.5381930E-02
  2.7932040E-03
 -2.5110950E-03
 -3.8557590E-03
 -3.3123321E-03
 -2.0437620E-03
 -6.4011442E-04
  1.0000000E-10
  1.0000000E-10
  8.3437692E-05
  4.5551959E-04
  1.1947200E-03
  2.5530951E-03
  4.9204291E-03
  8.9033619E-03
  1.5355650E-02
  2.5044329E-02
  3.7720859E-02
  5.0327599E-02
  6.5411173E-02
  8.2341567E-02
  9.7689770E-02
  0.1039227    
  9.0430044E-02
  5.4028999E-02
  2.3225820E-02
  5.6555318E-03
 -2.6324401E-03
 -5.4134992E-03
 -5.3335200E-03
 -4.0078769E-03
 -2.3200151E-03
 -6.9659727E-04
  1.0000000E-10
  1.0000000E-10
  1.8094650E-03
  6.4701899E-03
  1.2226270E-02
  1.8874981E-02
  2.5901020E-02
  3.2703418E-02
  3.9174531E-02
  4.5945171E-02
  5.3125449E-02
  6.0019340E-02
  6.9269873E-02
  8.0321848E-02
  8.9586496E-02
  8.9261428E-02
  6.8677589E-02
  3.5551481E-02
  1.2163710E-02
 -4.8710749E-04
 -5.8563701E-03
 -7.0146192E-03
 -6.0751191E-03
 -4.3162750E-03
 -2.4234301E-03
 -7.1207038E-04
  1.0000000E-10
  1.0000000E-10
  3.7395081E-03
  1.3141300E-02
  2.4321200E-02
  3.6446799E-02
  4.7878049E-02
  5.6686409E-02
  6.1966829E-02
  6.4581104E-02
  6.5724678E-02
  6.6807717E-02
  7.0524342E-02
  7.6285928E-02
  8.0175981E-02
  7.3842943E-02
  5.0225999E-02
  2.2858869E-02
  5.0194399E-03
 -4.1387258E-03
 -7.5581479E-03
 -7.7139158E-03
 -6.3038561E-03
 -4.3533999E-03
 -2.4050439E-03
 -6.9844828E-04
  1.0000000E-10
  1.0000000E-10
  5.9938231E-03
  2.0853480E-02
  3.8084801E-02
  5.5940580E-02
  7.1367987E-02
  8.1144787E-02
  8.3686419E-02
  8.0580547E-02
  7.5239681E-02
  7.0560440E-02
  6.9202170E-02
  7.0385791E-02
  6.9743499E-02
  5.9216689E-02
  3.6370739E-02
  1.4270680E-02
  6.1596942E-04
 -6.0490598E-03
 -8.1732403E-03
 -7.7480809E-03
 -6.1398400E-03
 -4.1744700E-03
 -2.2857920E-03
 -6.5963872E-04
  1.0000000E-10
  1.0000000E-10
  8.8244556E-03
  3.0395931E-02
  5.4753289E-02
  7.8809850E-02
  9.7858943E-02
  0.1067351    
  0.1039947    
  9.3410037E-02
  8.1415519E-02
  7.1318507E-02
  6.5565333E-02
  6.3144013E-02
  5.9177939E-02
  4.6388149E-02
  2.6058881E-02
  8.5294433E-03
 -1.9005460E-03
 -6.7456518E-03
 -8.0086496E-03
 -7.2852829E-03
 -5.6681451E-03
 -3.8177839E-03
 -2.0795669E-03
 -5.9797819E-04
  1.0000000E-10
  1.0000000E-10
  1.2620020E-02
  4.2910539E-02
  7.5944163E-02
  0.1066072    
  0.1275079    
  0.1321871    
  0.1215197    
  0.1029817    
  8.4175691E-02
  6.9296390E-02
  6.0005400E-02
  5.4965731E-02
  4.8682500E-02
  3.5643600E-02
  1.8493989E-02
  4.7791740E-03
 -3.1298280E-03
 -6.6216299E-03
 -7.3157512E-03
 -6.4799092E-03
 -4.9780072E-03
 -3.3304330E-03
 -1.8071460E-03
 -5.1826419E-04
  1.0000000E-10
  1.0000000E-10
  1.7876759E-02
  5.9773240E-02
  0.1034083    
  0.1406730    
  0.1603832    
  0.1572352    
  0.1356640    
  0.1088702    
  8.3615333E-02
  6.4848103E-02
  5.3023621E-02
  4.6336051E-02
  3.8885079E-02
  2.6878430E-02
  1.2983820E-02
  2.4114519E-03
 -3.5096291E-03
 -5.9884908E-03
 -6.3149659E-03
 -5.4832208E-03
 -4.1674520E-03
 -2.7703310E-03
 -1.4970870E-03
 -4.2799101E-04
  1.0000000E-10
  1.0000000E-10
  2.5308440E-02
  8.2861379E-02
  0.1394098    
  0.1816126    
  0.1957964    
  0.1800495    
  0.1462705    
  0.1108390    
  7.9909183E-02
  5.8419459E-02
  4.5166232E-02
  3.7721369E-02
  3.0157570E-02
  1.9899480E-02
  8.9917723E-03
  9.8947529E-04
 -3.3654000E-03
 -5.0904769E-03
 -5.1901499E-03
 -4.4302028E-03
 -3.3299881E-03
 -2.1961851E-03
 -1.1798830E-03
 -3.3558300E-04
  1.0000000E-10
  1.0000000E-10
  3.6013380E-02
  0.1147529    
  0.1864322    
  0.2302598    
  0.2327613    
  0.1989303    
  0.1523546    
  0.1087429    
  7.3332593E-02
  5.0527580E-02
  3.6975749E-02
  2.9559441E-02
  2.2678750E-02
  1.4435930E-02
  6.1192601E-03
  1.9832249E-04
 -2.9346070E-03
 -4.1072862E-03
 -4.0789158E-03
 -3.4252950E-03
 -2.5409460E-03
 -1.6570730E-03
 -8.8183471E-04
 -2.4852090E-04
  1.0000000E-10
  1.0000000E-10
  5.1402502E-02
  0.1582706    
  0.2463858    
  0.2860993    
  0.2677988    
  0.2137550    
  0.1526823    
  0.1025072    
  6.4324811E-02
  4.1759059E-02
  2.8963899E-02
  2.2232279E-02
  1.6496239E-02
  1.0213720E-02
  4.0720101E-03
 -1.8830461E-04
 -2.3828980E-03
 -3.1591880E-03
 -3.0705780E-03
 -2.5362610E-03
 -1.8504420E-03
 -1.1867241E-03
 -6.2154193E-04
 -1.7223621E-04
  1.0000000E-10
  1.0000000E-10
  7.3772296E-02
  0.2183801    
  0.3217210    
  0.3482655    
  0.2979147    
  0.2225911    
  0.1468631    
  9.2265867E-02
  5.3538810E-02
  3.2760579E-02
  2.1587679E-02
  1.5992491E-02
  1.1557160E-02
  7.0013278E-03
  2.6328401E-03
 -3.2978211E-04
 -1.8183240E-03
 -2.3168870E-03
 -2.2120329E-03
 -1.7964341E-03
 -1.2833250E-03
 -8.0263772E-04
 -4.0913731E-04
 -1.0982390E-04
  1.0000000E-10
  1.0000000E-10
  0.1054480    
  0.2975854    
  0.4131030    
  0.4135719    
  0.3215907    
  0.2235582    
  0.1343713    
  7.8437962E-02
  4.1844431E-02
  2.4186719E-02
  1.5201710E-02
  1.0933980E-02
  7.7487738E-03
  4.6098251E-03
  1.6400430E-03
 -3.3491410E-04
 -1.3049520E-03
 -1.6137700E-03
 -1.5182800E-03
 -1.2122720E-03
 -8.4368978E-04
 -5.0845771E-04
 -2.4732319E-04
 -6.2289917E-05
  1.0000000E-10
  1.0000000E-10
  0.1487498    
  0.3975341    
  0.5204868    
  0.4818318    
  0.3342109    
  0.2151648    
  0.1150728    
  6.1932340E-02
  3.0272910E-02
  1.6605601E-02
  1.0009040E-02
  7.0352359E-03
  4.9168132E-03
  2.8793521E-03
  9.7199681E-04
 -2.7500861E-04
 -8.7512069E-04
 -1.0577020E-03
 -9.8352728E-04
 -7.7260408E-04
 -5.2126183E-04
 -2.9766050E-04
 -1.3320141E-04
 -2.9044721E-05
  1.0000000E-10
  1.0000000E-10
  0.2062066    
  0.5174049    
  0.6390545    
  0.5572720    
  0.3310114    
  0.1960681    
  8.9929990E-02
  4.4287249E-02
  1.9856671E-02
  1.0406410E-02
  6.0560210E-03
  4.1850200E-03
  2.8952230E-03
  1.6722140E-03
  5.3697737E-04
 -1.9417499E-04
 -5.3971790E-04
 -6.4080360E-04
 -5.9054728E-04
 -4.5708881E-04
 -2.9772520E-04
 -1.5743890E-04
 -6.0150109E-05
 -8.4109633E-06
  1.0000000E-10
  1.0000000E-10
  0.2820540    
  0.6534186    
  0.7622973    
  0.6440434    
  0.3049757    
  0.1630332    
  6.1330449E-02
  2.7537810E-02
  1.1399460E-02
  5.7516871E-03
  3.2573310E-03
  2.2225860E-03
  1.5255000E-03
  8.7045413E-04
  2.6628110E-04
 -1.1753460E-04
 -2.9601771E-04
 -3.4652869E-04
 -3.1729540E-04
 -2.4250110E-04
 -1.5206050E-04
 -7.2148570E-05
 -1.9451720E-05
  1.9641150E-06
  1.0000000E-10
  1.0000000E-10
  0.3840812    
  0.7975684    
  0.8809763    
  0.7461585    
  0.2512859    
  0.1126734    
  3.3532832E-02
  1.3773930E-02
  5.3206072E-03
  2.6044431E-03
  1.4452609E-03
  9.7615313E-04
  6.6568959E-04
  3.7565580E-04
  1.0933480E-04
 -5.7528589E-05
 -1.3400170E-04
 -1.5502030E-04
 -1.4131080E-04
 -1.0688500E-04
 -6.4381078E-05
 -2.6103320E-05
 -1.6631790E-06
  4.8132260E-06
  1.0000000E-10
  1.0000000E-10
  0.5435260    
  0.9235376    
  0.9685794    
  0.8468378    
  0.1682003    
  5.3094719E-02
  1.2130270E-02
  4.5676110E-03
  1.6614021E-03
  7.9106243E-04
  4.3098049E-04
  2.8826200E-04
  1.9545649E-04
  1.0894830E-04
  2.9773080E-05
 -1.8966450E-05
 -4.0952851E-05
 -4.6807159E-05
 -4.2523599E-05
 -3.1863568E-05
 -1.8292760E-05
 -5.5999681E-06
  2.4395349E-06
  3.2311980E-06
  1.0000000E-10
  1.0000000E-10
  0.6714404    
   1.027266    
   1.029649    
  0.9326555    
  6.0894769E-02
  9.5341289E-03
  1.0862810E-03
  2.8632759E-04
  7.4760137E-05
  2.8391050E-05
  1.3179410E-05
  7.9453639E-06
  5.0730682E-06
  2.3476771E-06
 -9.4605483E-08
 -1.2542700E-06
 -1.6538020E-06
 -1.6965960E-06
 -1.5071740E-06
 -1.0462680E-06
 -2.8458180E-07
  6.7640360E-07
  1.4056110E-06
  1.0733950E-06
  1.0000000E-10
  1.0000000E-10
  0.9999994    
  0.9999994    
  0.9999994    
  0.9999994    
  1.0000000E-10
  1.0000000E-10
  1.0000000E-10
  1.0000000E-10
  1.0000000E-10
  1.0000000E-10
  1.0000000E-10
  1.0000000E-10
  1.0000000E-10
  1.0000000E-10
  1.0000000E-10
  1.0000000E-10
  1.0000000E-10
  1.0000000E-10
  1.0000000E-10
  1.0000000E-10
  1.0000000E-10
  1.0000000E-10
  1.0000000E-10
  1.0000000E-10
  1.0000000E-10
