  1.0000000E-10
  1.0000000E-10
  1.0000000E-10
  1.0000000E-10
  1.0000000E-10
  1.0000000E-10
  1.0000000E-10
  1.0000000E-10
  1.0000000E-10
  1.0000000E-10
  1.0000000E-10
  1.0000000E-10
  1.0000000E-10
  1.0000000E-10
  1.0000000E-10
  1.0000000E-10
  1.0000000E-10
  1.0000000E-10
  1.0000000E-10
  1.0000000E-10
  1.0000000E-10
  1.0000000E-10
  1.0000000E-10
  1.0000000E-10
  1.0000000E-10
  1.0000000E-10
  1.0000000E-10
  6.2154862E-07
 -7.9024538E-08
 -4.3368950E-06
 -1.4338660E-05
 -2.9531860E-05
 -4.4644868E-05
 -4.4644661E-05
 -1.7976190E-06
  1.3626210E-04
  4.1562039E-04
  8.8813988E-04
  1.4064920E-03
  2.1010491E-03
  2.5997129E-03
  4.3499409E-03
  5.0167278E-03
  1.3161980E-02
  1.1945660E-02
  6.8292387E-02
 -3.5985071E-02
 -4.0233731E-02
 -5.7503719E-02
 -0.1304605    
 -0.1345100    
  1.0000000E-10
  1.0000000E-10
  3.2474580E-07
 -3.0946840E-06
 -1.5721000E-05
 -4.3013599E-05
 -8.4023217E-05
 -1.2279110E-04
 -1.1238890E-04
  3.5949932E-05
  4.8627760E-04
  1.3862191E-03
  2.8927261E-03
  4.5573260E-03
  6.7672580E-03
  8.3980588E-03
  1.3801530E-02
  1.6009580E-02
  3.9472230E-02
  3.4900028E-02
  0.1537812    
 -7.8718647E-02
 -0.1092999    
 -0.1455086    
 -0.2222010    
 -0.1643329    
  1.0000000E-10
  1.0000000E-10
 -1.8530800E-07
 -6.9571388E-06
 -2.7644881E-05
 -6.9197478E-05
 -1.2983270E-04
 -1.8270980E-04
 -1.4768390E-04
  1.2987180E-04
  9.3119219E-04
  2.5136480E-03
  5.1376191E-03
  8.0522858E-03
  1.1888410E-02
  1.4772120E-02
  2.3857839E-02
  2.7699560E-02
  6.4219818E-02
  5.6208480E-02
  0.1869229    
 -0.1053667    
 -0.1677246    
 -0.1996252    
 -0.2275938    
 -0.1099022    
  1.0000000E-10
  1.0000000E-10
 -5.2746248E-07
 -1.0258140E-05
 -3.7693830E-05
 -8.9646252E-05
 -1.6197180E-04
 -2.1619140E-04
 -1.3804930E-04
  2.9657921E-04
  1.4893709E-03
  3.8134961E-03
  7.6267682E-03
  1.1880760E-02
  1.7423350E-02
  2.1651329E-02
  3.4259330E-02
  3.9753329E-02
  8.5548013E-02
  7.4555263E-02
  0.1782911    
 -0.1253348    
 -0.2072927    
 -0.2171823    
 -0.1882206    
 -5.0246559E-02
  1.0000000E-10
  1.0000000E-10
 -6.8572922E-07
 -1.2251690E-05
 -4.3796259E-05
 -1.0083850E-04
 -1.7486460E-04
 -2.1423950E-04
 -6.9909052E-05
  5.5386033E-04
  2.1794511E-03
  5.2985582E-03
  1.0354610E-02
  1.6012119E-02
  2.3293260E-02
  2.8911561E-02
  4.4631090E-02
  5.1807310E-02
  0.1015999    
  8.7499790E-02
  0.1429428    
 -0.1425023    
 -0.2262848    
 -0.2069045    
 -0.1326379    
 -1.4406070E-02
  1.0000000E-10
  1.0000000E-10
 -7.1410062E-07
 -1.2611680E-05
 -4.4487821E-05
 -9.9581150E-05
 -1.6302599E-04
 -1.6793380E-04
  7.0231181E-05
  9.1923249E-04
  3.0187611E-03
  6.9772298E-03
  1.3304040E-02
  2.0392150E-02
  2.9375290E-02
  3.6370691E-02
  5.4486841E-02
  6.3095368E-02
  0.1112750    
  9.2367344E-02
  9.3617678E-02
 -0.1579467    
 -0.2270307    
 -0.1801475    
 -8.3556481E-02
 -1.1606490E-03
  1.0000000E-10
  1.0000000E-10
 -6.6478452E-07
 -1.1280120E-05
 -3.9039089E-05
 -8.3649647E-05
 -1.2202410E-04
 -6.9696172E-05
  2.9411880E-04
  1.4080090E-03
  4.0215449E-03
  8.8524213E-03
  1.6445991E-02
  2.4942471E-02
  3.5501651E-02
  4.3794960E-02
  6.3231044E-02
  7.2669253E-02
  0.1141800    
  8.6980253E-02
  4.1255049E-02
 -0.1673655    
 -0.2133515    
 -0.1456626    
 -4.9946241E-02
  1.1354260E-03
  1.0000000E-10
  1.0000000E-10
 -5.7747422E-07
 -8.3844252E-06
 -2.7467300E-05
 -5.2286541E-05
 -4.9522529E-05
  8.5228698E-05
  6.0987321E-04
  2.0313091E-03
  5.1976792E-03
  1.0922120E-02
  1.9742310E-02
  2.9565750E-02
  4.1469458E-02
  5.0850991E-02
  7.0252150E-02
  7.9681337E-02
  0.1105668    
  7.1382567E-02
 -6.8570352E-03
 -0.1700032    
 -0.1900247    
 -0.1100336    
 -2.9685579E-02
  8.1675220E-04
  1.0000000E-10
  1.0000000E-10
 -4.8132603E-07
 -4.1884882E-06
 -1.0457460E-05
 -6.4037658E-06
  5.3947639E-05
  2.9749190E-04
  1.0204210E-03
  2.7947491E-03
  6.5529100E-03
  1.3182850E-02
  2.3153299E-02
  3.4159340E-02
  4.7065299E-02
  5.7084709E-02
  7.5090647E-02
  8.3579242E-02
  0.1010251    
  4.7566209E-02
 -4.5894351E-02
 -0.1655319    
 -0.1614063    
 -7.8431606E-02
 -1.7921060E-02
  5.0013617E-04
  1.0000000E-10
  1.0000000E-10
 -3.9761531E-07
  9.5294268E-07
  1.0805370E-05
  5.1615061E-05
  1.8492620E-04
  5.6328642E-04
  1.5232160E-03
  3.6990510E-03
  8.0920383E-03
  1.5637141E-02
  2.6650410E-02
  3.8637720E-02
  5.2029941E-02
  6.2090140E-02
  7.7507153E-02
  8.4053032E-02
  8.5846066E-02
  2.0368541E-02
 -7.2194017E-02
 -0.1547844    
 -0.1311959    
 -5.3883459E-02
 -1.1189300E-02
  3.4518621E-04
  1.0000000E-10
  1.0000000E-10
 -3.4087421E-07
  6.6624052E-06
  3.4928609E-05
  1.1859330E-04
  3.3807370E-04
  8.7579089E-04
  2.1125081E-03
  4.7441181E-03
  9.8264208E-03
  1.8304979E-02
  3.0232949E-02
  4.2958930E-02
  5.6133062E-02
  6.5559193E-02
  7.7560768E-02
  8.0824368E-02
  6.6583157E-02
 -6.8886392E-03
 -8.8689938E-02
 -0.1398944    
 -0.1027178    
 -3.6851291E-02
 -7.4052410E-03
  2.2181850E-04
  1.0000000E-10
  1.0000000E-10
 -3.1870820E-07
  1.2643120E-05
  6.0757771E-05
  1.9174570E-04
  5.0850591E-04
  1.2289860E-03
  2.7851090E-03
  5.9375609E-03
  1.1785810E-02
  2.1236019E-02
  3.3942509E-02
  4.7072429E-02
  5.9281681E-02
  6.7358539E-02
  7.5530171E-02
  7.3626094E-02
  4.4402830E-02
 -3.1173451E-02
 -9.7020969E-02
 -0.1226700    
 -7.8252450E-02
 -2.5862981E-02
 -5.2384241E-03
  1.2544030E-04
  1.0000000E-10
  1.0000000E-10
 -3.3129550E-07
  1.8808090E-05
  8.7935769E-05
  2.7023320E-04
  6.9514237E-04
  1.6235770E-03
  3.5494550E-03
  7.3070480E-03
  1.4031920E-02
  2.4516700E-02
  3.7863031E-02
  5.0933521E-02
  6.1514579E-02
  6.7565873E-02
  7.1666583E-02
  6.2517278E-02
  2.1656070E-02
 -4.9115472E-02
 -9.8536126E-02
 -0.1043870    
 -5.8662411E-02
 -1.8847430E-02
 -3.9028460E-03
  6.8953254E-05
  1.0000000E-10
  1.0000000E-10
 -3.7192731E-07
  2.5400290E-05
  1.1743680E-04
  3.5669850E-04
  9.0419699E-04
  2.0735101E-03
  4.4356640E-03
  8.9126797E-03
  1.6666779E-02
  2.8261021E-02
  4.2092521E-02
  5.4516692E-02
  6.2930331E-02
  6.6433556E-02
  6.5975398E-02
  4.8255231E-02
 -4.4020559E-04
 -6.1451860E-02
 -9.4995826E-02
 -8.6322092E-02
 -4.3756459E-02
 -1.4174380E-02
 -3.0091649E-03
  3.8726121E-05
  1.0000000E-10
  1.0000000E-10
 -4.2873080E-07
  3.3053599E-05
  1.5186430E-04
  4.5819499E-04
  1.1514419E-03
  2.6103449E-03
  5.5017760E-03
  1.0851430E-02
  1.9823279E-02
  3.2569490E-02
  4.6681639E-02
  5.7752110E-02
  6.3622810E-02
  6.4229913E-02
  5.8252949E-02
  3.2164391E-02
 -1.8726250E-02
 -6.8305477E-02
 -8.7733269E-02
 -6.9490276E-02
 -3.2673329E-02
 -1.0817490E-02
 -2.3521180E-03
  2.0848131E-05
  1.0000000E-10
  1.0000000E-10
 -4.8783102E-07
  4.2767701E-05
  1.9538069E-04
  5.8608252E-04
  1.4620860E-03
  3.2827430E-03
  6.8309908E-03
  1.3246500E-02
  2.3627911E-02
  3.7450310E-02
  5.1413190E-02
  6.0553480E-02
  6.3633367E-02
  6.1042529E-02
  4.8956390E-02
  1.6250340E-02
 -3.2312289E-02
 -7.0431978E-02
 -7.8021809E-02
 -5.4645769E-02
 -2.4438830E-02
 -8.2410267E-03
 -1.8243730E-03
  1.0744620E-05
  1.0000000E-10
  1.0000000E-10
 -5.3586058E-07
  5.5833429E-05
  2.5341919E-04
  7.5523468E-04
  1.8687960E-03
  4.1519972E-03
  8.5235424E-03
  1.6230781E-02
  2.8143140E-02
  4.2704899E-02
  5.5816621E-02
  6.2651932E-02
  6.2858507E-02
  5.6594301E-02
  3.8176231E-02
  6.1641401E-04
 -4.1856021E-02
 -6.9079690E-02
 -6.7279898E-02
 -4.2337552E-02
 -1.8365920E-02
 -6.2559978E-03
 -1.3990280E-03
  5.9743470E-06
  1.0000000E-10
  1.0000000E-10
 -5.4419860E-07
  7.4011310E-05
  3.3319171E-04
  9.8471460E-04
  2.4118030E-03
  5.2915239E-03
  1.0694860E-02
  1.9913010E-02
  3.3235058E-02
  4.7770679E-02
  5.9157960E-02
  6.3532613E-02
  6.0962301E-02
  5.0522480E-02
  2.6474191E-02
 -1.1946720E-02
 -4.7715731E-02
 -6.5332294E-02
 -5.6707252E-02
 -3.2710969E-02
 -1.3970890E-02
 -4.7831470E-03
 -1.0746140E-03
  3.9095012E-06
  1.0000000E-10
  1.0000000E-10
 -4.3076011E-07
  9.9452271E-05
  4.4284729E-04
  1.2945760E-03
  3.1310399E-03
  6.7689260E-03
  1.3409790E-02
  2.4140950E-02
  3.8052760E-02
  5.1378161E-02
  6.0522269E-02
  6.2541418E-02
  5.7303060E-02
  4.2623259E-02
  1.4147940E-02
 -2.2364659E-02
 -5.1130500E-02
 -6.0464099E-02
 -4.7298241E-02
 -2.5587730E-02
 -1.0874290E-02
 -3.7390641E-03
 -8.4258663E-04
  2.6968571E-06
  1.0000000E-10
  1.0000000E-10
 -9.3793041E-08
  1.3266370E-04
  5.8311177E-04
  1.6833330E-03
  4.0128860E-03
  8.5109314E-03
  1.6349079E-02
  2.7854150E-02
  4.1171860E-02
  5.2614968E-02
  5.9253421E-02
  5.8987450E-02
  5.0872259E-02
  3.2337099E-02
  1.3108010E-03
 -3.1451240E-02
 -5.3327061E-02
 -5.5631202E-02
 -3.9718721E-02
 -2.0614261E-02
 -8.7718870E-03
 -3.0315081E-03
 -6.8573648E-04
  1.5887360E-06
  1.0000000E-10
  1.0000000E-10
  5.5082302E-07
  1.7082140E-04
  7.4045762E-04
  2.1086291E-03
  4.9398639E-03
  1.0196980E-02
  1.8693261E-02
  3.0052090E-02
  4.1981369E-02
  5.0919361E-02
  5.4747161E-02
  5.1832609E-02
  4.0634740E-02
  1.9009570E-02
 -1.2013730E-02
 -4.0174279E-02
 -5.5323072E-02
 -5.1641971E-02
 -3.4187939E-02
 -1.7342640E-02
 -7.4050170E-03
 -2.5716031E-03
 -5.8435148E-04
  5.8490332E-07
  1.0000000E-10
  1.0000000E-10
  1.5089230E-06
  2.0708590E-04
  8.8471762E-04
  2.4812981E-03
  5.6863520E-03
  1.1320290E-02
  1.9763719E-02
  3.0081591E-02
  3.9664049E-02
  4.5368191E-02
  4.5885291E-02
  3.9610229E-02
  2.5936810E-02
  1.5536540E-03
 -2.6763840E-02
 -4.9459800E-02
 -5.7824340E-02
 -4.8880901E-02
 -3.0512201E-02
 -1.5295630E-02
 -6.5463628E-03
 -2.2812930E-03
 -5.2060699E-04
 -1.8967469E-07
  1.0000000E-10
  1.0000000E-10
  2.6320929E-06
  2.3154900E-04
  9.7423792E-04
  2.6834209E-03
  5.9787049E-03
  1.1434210E-02
  1.8983809E-02
  2.7187400E-02
  3.3384711E-02
  3.5093032E-02
  3.1752001E-02
  2.2210360E-02
  6.4766579E-03
 -1.8719140E-02
 -4.3074910E-02
 -5.9434731E-02
 -6.0841180E-02
 -4.7168180E-02
 -2.8143490E-02
 -1.3978920E-02
 -5.9766141E-03
 -2.0843919E-03
 -4.7667901E-04
 -5.4993768E-07
  1.0000000E-10
  1.0000000E-10
  3.7224299E-06
  2.3109801E-04
  9.5444132E-04
  2.5702079E-03
  5.5436450E-03
  1.0136920E-02
  1.5819039E-02
  2.0808609E-02
  2.2663170E-02
  1.9650500E-02
  1.1771190E-02
 -1.1087310E-03
 -1.9771380E-02
 -4.1832861E-02
 -6.0546011E-02
 -6.9344968E-02
 -6.3660763E-02
 -4.5821000E-02
 -2.6335960E-02
 -1.2923320E-02
 -5.4964609E-03
 -1.9122300E-03
 -4.3656930E-04
 -3.4037009E-07
  1.0000000E-10
  1.0000000E-10
  4.3462510E-06
  1.9404059E-04
  7.8150711E-04
  2.0409750E-03
  4.2150710E-03
  7.2075538E-03
  1.0081440E-02
  1.0931300E-02
  7.6951170E-03
 -6.9255539E-04
 -1.4441050E-02
 -2.9402031E-02
 -4.8344862E-02
 -6.5164573E-02
 -7.6607250E-02
 -7.7648073E-02
 -6.5193489E-02
 -4.3976121E-02
 -2.4394710E-02
 -1.1760270E-02
 -4.9471520E-03
 -1.7079980E-03
 -3.8771721E-04
  2.4740689E-07
  1.0000000E-10
  1.0000000E-10
  3.9791589E-06
  1.1547520E-04
  4.4283079E-04
  1.0846590E-03
  2.0104521E-03
  2.7712281E-03
  2.1613161E-03
 -1.6402750E-03
 -1.0278490E-02
 -2.4349600E-02
 -4.2558469E-02
 -5.8930241E-02
 -7.3872283E-02
 -8.4705167E-02
 -8.9044832E-02
 -8.3022058E-02
 -6.4548671E-02
 -4.1021310E-02
 -2.1927800E-02
 -1.0327410E-02
 -4.2735492E-03
 -1.4580330E-03
 -3.2775861E-04
  1.0198190E-06
  1.0000000E-10
  1.0000000E-10
  2.4994720E-06
  2.1718020E-06
 -3.0096880E-05
 -2.0256860E-04
 -8.2579418E-04
 -2.6394241E-03
 -6.9700908E-03
 -1.5428280E-02
 -2.9262099E-02
 -4.8565511E-02
 -6.7746773E-02
 -8.2270890E-02
 -9.3146823E-02
 -9.8791443E-02
 -9.6767478E-02
 -8.4620267E-02
 -6.1256930E-02
 -3.6752149E-02
 -1.8893970E-02
 -8.6492607E-03
 -3.5003740E-03
 -1.1774790E-03
 -2.6132620E-04
  1.7524150E-06
  1.0000000E-10
  1.0000000E-10
  3.6911200E-07
 -1.2303950E-04
 -5.4479839E-04
 -1.5791690E-03
 -3.7842949E-03
 -8.1013059E-03
 -1.5851190E-02
 -2.8356841E-02
 -4.6347279E-02
 -6.8082899E-02
 -8.4635124E-02
 -9.8150179E-02
 -0.1058029    
 -0.1069755    
 -9.9512897E-02
 -8.2183696E-02
 -5.5390310E-02
 -3.1343579E-02
 -1.5404130E-02
 -6.7827930E-03
 -2.6839690E-03
 -8.8877470E-04
 -1.9411791E-04
  2.2253960E-06
  1.0000000E-10
  1.0000000E-10
 -1.6044460E-06
 -2.3419480E-04
 -1.0007920E-03
 -2.7988211E-03
 -6.3903141E-03
 -1.2850100E-02
 -2.3386000E-02
 -3.8866200E-02
 -5.9412040E-02
 -7.9005852E-02
 -9.5268726E-02
 -0.1073291    
 -0.1123700    
 -0.1096024    
 -9.7650133E-02
 -7.6019637E-02
 -4.7507100E-02
 -2.5200350E-02
 -1.1682610E-02
 -4.9712090E-03
 -1.9258501E-03
 -6.2681868E-04
 -1.3415200E-04
  2.3712410E-06
  1.0000000E-10
  1.0000000E-10
 -3.2640889E-06
 -3.2080189E-04
 -1.3533060E-03
 -3.7366850E-03
 -8.4011974E-03
 -1.6513679E-02
 -2.9073250E-02
 -4.6194490E-02
 -6.6865593E-02
 -8.5555866E-02
 -0.1012106    
 -0.1114261    
 -0.1138529    
 -0.1075603    
 -9.1991179E-02
 -6.6839427E-02
 -3.8428798E-02
 -1.8849131E-02
 -8.3180415E-03
 -3.4392900E-03
 -1.3011040E-03
 -4.1346590E-04
 -8.6005093E-05
  2.2463430E-06
  1.0000000E-10
  1.0000000E-10
 -4.8671841E-06
 -3.8844050E-04
 -1.6226170E-03
 -4.4290931E-03
 -9.8213712E-03
 -1.8980419E-02
 -3.2652311E-02
 -5.0407421E-02
 -7.1234003E-02
 -8.9158587E-02
 -0.1036794    
 -0.1117373    
 -0.1114527    
 -0.1019962    
 -8.3519652E-02
 -5.5522669E-02
 -2.9060811E-02
 -1.3167370E-02
 -5.5966889E-03
 -2.2405970E-03
 -8.1900269E-04
 -2.5097840E-04
 -4.9990100E-05
  1.9552410E-06
  1.0000000E-10
  1.0000000E-10
 -6.1965502E-06
 -4.4675361E-04
 -1.8552920E-03
 -5.0240392E-03
 -1.1004640E-02
 -2.0918099E-02
 -3.5355449E-02
 -5.3679280E-02
 -7.4433737E-02
 -9.1158278E-02
 -0.1039289    
 -0.1094635    
 -0.1063435    
 -9.4028667E-02
 -7.2900772E-02
 -4.3396890E-02
 -2.0315370E-02
 -8.7802252E-03
 -3.5822301E-03
 -1.3704960E-03
 -4.7573549E-04
 -1.3771550E-04
 -2.5459360E-05
  1.6000240E-06
  1.0000000E-10
  1.0000000E-10
 -7.4967852E-06
 -5.1215017E-04
 -2.1184389E-03
 -5.7039740E-03
 -1.2383900E-02
 -2.3236100E-02
 -3.8611561E-02
 -5.7477571E-02
 -7.7527702E-02
 -9.2595972E-02
 -0.1029876    
 -0.1055964    
 -9.9484101E-02
 -8.4501863E-02
 -6.0575049E-02
 -3.1180561E-02
 -1.3717140E-02
 -5.6612878E-03
 -2.1904700E-03
 -7.8321493E-04
 -2.5044190E-04
 -6.5640997E-05
 -1.0416990E-05
  1.2156390E-06
  1.0000000E-10
  1.0000000E-10
 -9.8321589E-06
 -6.1237672E-04
 -2.5165109E-03
 -6.7175529E-03
 -1.4400630E-02
 -2.6540309E-02
 -4.3098509E-02
 -6.2507868E-02
 -8.1201397E-02
 -9.4215602E-02
 -0.1015999    
 -0.1008761    
 -9.1583960E-02
 -7.3923513E-02
 -4.6674740E-02
 -2.1444529E-02
 -8.9008212E-03
 -3.3940470E-03
 -1.1726050E-03
 -3.5608470E-04
 -8.8599569E-05
 -1.4543230E-05
  9.7660262E-08
  9.0112331E-07
  1.0000000E-10
  1.0000000E-10
 -1.4051990E-05
 -7.7568367E-04
 -3.1570101E-03
 -8.3209183E-03
 -1.7517639E-02
 -3.1498838E-02
 -4.9564891E-02
 -6.9337100E-02
 -8.6001113E-02
 -9.6335217E-02
 -9.9975869E-02
 -9.5331848E-02
 -8.2593091E-02
 -6.1646551E-02
 -3.3664521E-02
 -1.4059370E-02
 -5.1632649E-03
 -1.5695370E-03
 -3.2588860E-04
  1.0162470E-05
  5.4380042E-05
  3.1954580E-05
  9.9947129E-06
  7.0545678E-07
  1.0000000E-10
  1.0000000E-10
 -2.1711819E-05
 -1.0493350E-03
 -4.2160801E-03
 -1.0922410E-02
 -2.2449370E-02
 -3.9076868E-02
 -5.8881380E-02
 -7.8429930E-02
 -9.2191257E-02
 -9.9032640E-02
 -9.8181069E-02
 -8.9155257E-02
 -7.2764307E-02
 -4.8944399E-02
 -2.3341730E-02
 -8.3198566E-03
 -2.0909719E-03
  1.3423640E-05
  4.4719261E-04
  3.6188480E-04
  1.9837500E-04
  8.0888669E-05
  2.0914609E-05
  6.3947391E-07
  1.0000000E-10
  1.0000000E-10
 -3.8325201E-05
 -1.5373830E-03
 -6.0565071E-03
 -1.5302040E-02
 -3.0426610E-02
 -5.0461970E-02
 -7.1631551E-02
 -8.9863807E-02
 -9.9873327E-02
 -0.1022652    
 -9.6348777E-02
 -8.2859419E-02
 -6.3149817E-02
 -3.7336942E-02
 -1.5218660E-02
 -3.6806010E-03
  5.0599541E-04
  1.4115199E-03
  1.1619329E-03
  7.0197252E-04
  3.4338541E-04
  1.3196550E-04
  3.2748620E-05
  6.9051151E-07
  1.0000000E-10
  1.0000000E-10
 -7.2894138E-05
 -2.3725911E-03
 -9.1063390E-03
 -2.2302590E-02
 -4.2347781E-02
 -6.6004872E-02
 -8.8009521E-02
 -0.1031567    
 -0.1088831    
 -0.1057763    
 -9.4442427E-02
 -7.6592162E-02
 -5.3693719E-02
 -2.7723780E-02
 -8.8061830E-03
  6.0495480E-05
  2.6444029E-03
  2.5897331E-03
  1.7811300E-03
  1.0053340E-03
  4.7635540E-04
  1.7999820E-04
  4.4163058E-05
  8.2120488E-07
  1.0000000E-10
  1.0000000E-10
 -1.4143621E-04
 -3.7759501E-03
 -1.4039770E-02
 -3.3073861E-02
 -5.9215251E-02
 -8.6341098E-02
 -0.1079359    
 -0.1186042    
 -0.1186992    
 -0.1091111    
 -9.2254274E-02
 -7.0393659E-02
 -4.4859041E-02
 -1.9977881E-02
 -3.8064381E-03
  2.9561389E-03
  4.2841500E-03
  3.4891830E-03
  2.2560100E-03
  1.2409720E-03
  5.8145321E-04
  2.1866760E-04
  5.3533149E-05
  9.8014266E-07
  1.0000000E-10
  1.0000000E-10
 -2.8012690E-04
 -6.1316690E-03
 -2.1980871E-02
 -4.9204212E-02
 -8.2558140E-02
 -0.1124942    
 -0.1305004    
 -0.1358141    
 -0.1284271    
 -0.1115753    
 -8.9406252E-02
 -6.4159513E-02
 -3.6984950E-02
 -1.3879980E-02
 -4.9989649E-05
  5.0336020E-03
  5.4007419E-03
  4.0726638E-03
  2.5540181E-03
  1.3871080E-03
  6.4704922E-04
  2.4319830E-04
  5.9611299E-05
  1.1193570E-06
  1.0000000E-10
  1.0000000E-10
 -5.6874752E-04
 -1.0056620E-02
 -3.4480341E-02
 -7.2701663E-02
 -0.1136526    
 -0.1446725    
 -0.1568195    
 -0.1535255    
 -0.1368520    
 -0.1122741    
 -8.5431002E-02
 -5.7688661E-02
 -3.0279789E-02
 -9.1917804E-03
  2.6027500E-03
  6.3465140E-03
  6.0108411E-03
  4.3401471E-03
  2.6684420E-03
  1.4365030E-03
  6.6827558E-04
  2.5132901E-04
  6.1734863E-05
  1.2038570E-06
  1.0000000E-10
  1.0000000E-10
 -1.1534690E-03
 -1.6622489E-02
 -5.3920280E-02
 -0.1061916    
 -0.1545527    
 -0.1812501    
 -0.1857064    
 -0.1697777    
 -0.1424135    
 -0.1102890    
 -7.9944611E-02
 -5.0928541E-02
 -2.4678200E-02
 -5.6802048E-03
  4.3010879E-03
  6.9831102E-03
  6.1697252E-03
  4.3245661E-03
  2.6158150E-03
  1.3954260E-03
  6.4670929E-04
  2.4317490E-04
  5.9835860E-05
  1.2068220E-06
  1.0000000E-10
  1.0000000E-10
 -2.2316910E-03
 -2.7105659E-02
 -8.2592636E-02
 -0.1520019    
 -0.2049542    
 -0.2224907    
 -0.2149635    
 -0.1821062    
 -0.1434459    
 -0.1049531    
 -7.2794922E-02
 -4.4017460E-02
 -1.9934570E-02
 -3.1332111E-03
  5.2031460E-03
  7.0546418E-03
  5.9566661E-03
  4.0793149E-03
  2.4280790E-03
  1.2798590E-03
  5.8871682E-04
  2.2066210E-04
  5.4266551E-05
  1.1054810E-06
  1.0000000E-10
  1.0000000E-10
 -4.1309181E-03
 -4.2613029E-02
 -0.1226488    
 -0.2141145    
 -0.2644041    
 -0.2697052    
 -0.2410180    
 -0.1876364    
 -0.1386019    
 -9.6086986E-02
 -6.4113177E-02
 -3.7118591E-02
 -1.5859731E-02
 -1.3662199E-03
  5.4647839E-03
  6.6802371E-03
  5.4593338E-03
  3.6652191E-03
  2.1439970E-03
  1.1110950E-03
  5.0375791E-04
  1.8694870E-04
  4.5680721E-05
  8.7568378E-07
  1.0000000E-10
  1.0000000E-10
 -7.2636539E-03
 -6.3594900E-02
 -0.1739128    
 -0.2934172    
 -0.3348603    
 -0.3158174    
 -0.2587208    
 -0.1835016    
 -0.1273220    
 -8.4066927E-02
 -5.4265991E-02
 -3.0398620E-02
 -1.2327360E-02
 -2.2099540E-04
  5.2314419E-03
  5.9749410E-03
  4.7620400E-03
  3.1406400E-03
  1.8020089E-03
  9.1191282E-04
  4.0285400E-04
  1.4600009E-04
  3.4931189E-05
  4.9767630E-07
  1.0000000E-10
  1.0000000E-10
 -1.2785390E-02
 -9.1116384E-02
 -0.2384165    
 -0.3865606    
 -0.4216804    
 -0.3516693    
 -0.2613226    
 -0.1679382    
 -0.1100734    
 -6.9693223E-02
 -4.3794990E-02
 -2.3948779E-02
 -9.2581790E-03
  4.3712280E-04
  4.6331938E-03
  5.0420552E-03
  3.9387261E-03
  2.5555971E-03
  1.4354490E-03
  7.0343883E-04
  2.9737811E-04
  1.0233560E-04
  2.3067651E-05
 -4.9657569E-08
  1.0000000E-10
  1.0000000E-10
 -2.4005400E-02
 -0.1270008    
 -0.3101811    
 -0.4941626    
 -0.5295691    
 -0.3624591    
 -0.2420872    
 -0.1411619    
 -8.8192023E-02
 -5.3944431E-02
 -3.3235379E-02
 -1.7830441E-02
 -6.5997508E-03
  7.2187372E-04
  3.7821401E-03
  3.9692102E-03
  3.0499659E-03
  1.9493710E-03
  1.0700671E-03
  5.0295732E-04
  1.9788300E-04
  6.0819901E-05
  1.1399530E-05
 -7.5844582E-07
  1.0000000E-10
  1.0000000E-10
 -5.1220112E-02
 -0.1779874    
 -0.3774306    
 -0.6028726    
 -0.6318447    
 -0.3286389    
 -0.1974117    
 -0.1054265    
 -6.3448086E-02
 -3.7787821E-02
 -2.2954181E-02
 -1.2117520E-02
 -4.3114279E-03
  7.2847540E-04
  2.7715529E-03
  2.8272020E-03
  2.1426231E-03
  1.3505380E-03
  7.2356069E-04
  3.2271899E-04
  1.1302600E-04
  2.6356260E-05
  1.5745550E-06
 -1.5167700E-06
  1.0000000E-10
  1.0000000E-10
 -0.1195983    
 -0.2588744    
 -0.4168330    
 -0.6750041    
 -0.6331742    
 -0.2360562    
 -0.1292962    
 -6.4206637E-02
 -3.7619852E-02
 -2.1973889E-02
 -1.3193160E-02
 -6.8697399E-03
 -2.3563839E-03
  5.3558050E-04
  1.6761940E-03
  1.6705689E-03
  1.2510350E-03
  7.7834539E-04
  4.0647699E-04
  1.6982541E-04
  4.8812301E-05
  3.4110251E-06
 -4.3572991E-06
 -1.9813440E-06
  1.0000000E-10
  1.0000000E-10
 -0.2945007    
 -0.4069950    
 -0.4079274    
 -0.6659662    
 -0.3433574    
 -8.9757323E-02
 -4.5190878E-02
 -2.1166330E-02
 -1.2120960E-02
 -6.9547859E-03
 -4.1310638E-03
 -2.1215919E-03
 -6.9867441E-04
  2.0687480E-04
  5.5365718E-04
  5.3927978E-04
  3.9890240E-04
  2.4462209E-04
  1.2378000E-04
  4.6942969E-05
  8.3590767E-06
 -4.4675780E-06
 -4.0998220E-06
 -1.3863400E-06
  1.0000000E-10
  1.0000000E-10
 -0.2945007    
 -0.4069950    
 -0.4079273    
 -0.6659661    
  1.0000000E-10
  1.0000000E-10
  1.0000000E-10
  1.0000000E-10
  1.0000000E-10
  1.0000000E-10
  1.0000000E-10
  1.0000000E-10
  1.0000000E-10
  1.0000000E-10
  1.0000000E-10
  1.0000000E-10
  1.0000000E-10
  1.0000000E-10
  1.0000000E-10
  1.0000000E-10
  1.0000000E-10
  1.0000000E-10
  1.0000000E-10
  1.0000000E-10
  1.0000000E-10
