  0.0000000E+00
  1.0000000E-10
  1.0000000E-10
  1.0000000E-10
  1.0000000E-10
  1.0000000E-10
  1.0000000E-10
  1.0000000E-10
  1.0000000E-10
  1.0000000E-10
  1.0000000E-10
  1.0000000E-10
  1.0000000E-10
  1.0000000E-10
  1.0000000E-10
  1.0000000E-10
  1.0000000E-10
  1.0000000E-10
  1.0000000E-10
  1.0000000E-10
  1.0000000E-10
  1.0000000E-10
  1.0000000E-10
  1.0000000E-10
  1.0000000E-10
  1.0000000E-10
  0.0000000E+00
  1.0000000E-10
 -0.2310546    
 -0.5116361    
 -0.3902934    
 -0.1427965    
 -6.1814222E-02
 -2.9781915E-02
 -1.5374701E-02
 -8.2863001E-03
 -4.3116054E-03
 -1.5202709E-03
  9.8936108E-04
  3.4110013E-03
  5.3174915E-03
  6.1608129E-03
  6.0344958E-03
  5.6166057E-03
  5.7577807E-03
  7.4871290E-03
  1.2267083E-02
  2.1924095E-02
  3.9595451E-02
  6.8851843E-02
 -1.9957844E-02
 -0.1688086    
 -0.1680960    
  1.0000000E-10
  1.0000000E-10
 -6.3087597E-02
 -0.2798082    
 -0.3610525    
 -0.2672096    
 -0.1624928    
 -9.3546420E-02
 -5.3485528E-02
 -3.0569285E-02
 -1.6494142E-02
 -6.1084568E-03
  3.3929411E-03
  1.2629217E-02
  2.0072525E-02
  2.3671582E-02
  2.3581497E-02
  2.2204095E-02
  2.2671204E-02
  2.8438689E-02
  4.3103054E-02
  6.7571178E-02
  9.2478618E-02
  6.2440015E-02
 -0.1598921    
 -0.2431952    
 -8.3069481E-02
  1.0000000E-10
  1.0000000E-10
 -1.2527494E-02
 -8.0910653E-02
 -0.1516941    
 -0.1751986    
 -0.1579959    
 -0.1208519    
 -8.3712496E-02
 -5.4227185E-02
 -3.1832255E-02
 -1.3135731E-02
  4.8759915E-03
  2.2809569E-02
  3.7976034E-02
  4.6468344E-02
  4.7815792E-02
  4.5893982E-02
  4.6094611E-02
  5.3193975E-02
  6.8000659E-02
  7.7935450E-02
  4.2192888E-02
 -7.8795888E-02
 -0.1799247    
 -0.1195813    
 -1.5021602E-02
  1.0000000E-10
  1.0000000E-10
 -1.9445675E-03
 -1.6907103E-02
 -4.4463877E-02
 -7.2288841E-02
 -8.9034438E-02
 -9.1230102E-02
 -8.0952711E-02
 -6.3603684E-02
 -4.3710344E-02
 -2.2541899E-02
  3.8351002E-04
  2.4645835E-02
  4.6971988E-02
  6.2140483E-02
  6.7805067E-02
  6.7080483E-02
  6.5089464E-02
  6.4464480E-02
  5.7119749E-02
  1.7445926E-02
 -5.9898119E-02
 -0.1120985    
 -9.5913477E-02
 -3.6867555E-02
 -3.1076083E-03
  1.0000000E-10
  1.0000000E-10
 -3.4449520E-04
 -3.4973279E-03
 -1.1267527E-02
 -2.3609685E-02
 -3.7777320E-02
 -4.9619496E-02
 -5.6030445E-02
 -5.5613704E-02
 -4.8449595E-02
 -3.5472382E-02
 -1.7479988E-02
  4.3972335E-03
  2.7332410E-02
  4.6642378E-02
  5.7830684E-02
  6.0073446E-02
  5.4804526E-02
  3.8752183E-02
 -3.9281650E-04
 -5.2225735E-02
 -7.9488218E-02
 -6.9221854E-02
 -3.6993980E-02
 -1.0754205E-02
 -8.8812987E-04
  1.0000000E-10
  1.0000000E-10
 -8.8554429E-05
 -9.6227997E-04
 -3.3750623E-03
 -8.0654779E-03
 -1.5417343E-02
 -2.4847088E-02
 -3.4779362E-02
 -4.3372478E-02
 -4.9023826E-02
 -5.0457742E-02
 -4.6943471E-02
 -3.8538158E-02
 -2.5367199E-02
 -1.0153404E-02
  1.8973204E-03
  5.2516572E-03
 -5.3833574E-03
 -3.3522606E-02
 -6.3664988E-02
 -7.4813522E-02
 -6.2314078E-02
 -3.7141513E-02
 -1.5507436E-02
 -4.1316771E-03
 -3.4664979E-04
  1.0000000E-10
  1.0000000E-10
 -3.3401589E-05
 -3.7265645E-04
 -1.3533203E-03
 -3.4043458E-03
 -7.0105693E-03
 -1.2543399E-02
 -2.0109016E-02
 -2.9617501E-02
 -4.1007377E-02
 -5.4081917E-02
 -6.7437239E-02
 -7.8619167E-02
 -8.5577674E-02
 -8.6378425E-02
 -8.3610594E-02
 -8.3880335E-02
 -9.0433836E-02
 -9.5942892E-02
 -9.0613902E-02
 -7.0646755E-02
 -4.3502234E-02
 -2.0848775E-02
 -7.7050347E-03
 -1.9537606E-03
 -1.6002974E-04
  1.0000000E-10
  1.0000000E-10
 -9.5828555E-06
 -1.1279748E-04
 -4.2805914E-04
 -1.1389472E-03
 -2.5165870E-03
 -4.9063610E-03
 -8.7063033E-03
 -1.4440496E-02
 -2.3030151E-02
 -3.6108542E-02
 -5.5827893E-02
 -8.1020437E-02
 -0.1068143    
 -0.1267120    
 -0.1361909    
 -0.1352937    
 -0.1255343    
 -0.1068859    
 -7.8629524E-02
 -4.7308236E-02
 -2.2804173E-02
 -9.0404470E-03
 -2.9526586E-03
 -6.8628823E-04
 -5.0837050E-05
  1.0000000E-10
  1.0000000E-10
  4.3818366E-07
 -7.5796333E-07
 -2.1999223E-05
 -1.1490905E-04
 -3.9060027E-04
 -1.0452957E-03
 -2.3725049E-03
 -4.7784699E-03
 -8.9105507E-03
 -1.6034871E-02
 -2.8571710E-02
 -4.9587376E-02
 -7.8149639E-02
 -0.1071256    
 -0.1262028    
 -0.1277035    
 -0.1108005    
 -8.0292806E-02
 -4.6898555E-02
 -2.1878324E-02
 -8.4105181E-03
 -2.7234673E-03
 -7.1052922E-04
 -1.2471396E-04
 -5.3943472E-06
  1.0000000E-10
  1.0000000E-10
  2.9941148E-06
  2.7990092E-05
  8.5436390E-05
  1.6943496E-04
  2.3842722E-04
  1.8903402E-04
 -1.4982333E-04
 -9.9694380E-04
 -2.6507105E-03
 -5.7227006E-03
 -1.1577370E-02
 -2.2559561E-02
 -4.0525693E-02
 -6.3200392E-02
 -8.2559325E-02
 -8.8476703E-02
 -7.5787112E-02
 -4.9961232E-02
 -2.4733480E-02
 -8.9730714E-03
 -2.0918883E-03
  7.2128023E-06
  2.9410885E-04
  1.4150186E-04
  1.8304170E-05
  1.0000000E-10
  1.0000000E-10
  1.7998933E-06
  1.8544542E-05
  6.2775820E-05
  1.3911549E-04
  2.3196510E-04
  2.9065926E-04
  2.3309747E-04
 -2.9950086E-05
 -6.0436630E-04
 -1.7242176E-03
 -3.9729206E-03
 -8.4866993E-03
 -1.6527299E-02
 -2.7939519E-02
 -3.9340686E-02
 -4.4571783E-02
 -3.8931079E-02
 -2.4906680E-02
 -1.0933914E-02
 -2.7738162E-03
  2.6707555E-04
  7.8232412E-04
  5.0431472E-04
  1.8139390E-04
  2.0786052E-05
  1.0000000E-10
  1.0000000E-10
  4.7819874E-08
  4.1622766E-06
  1.7065484E-05
  4.2283220E-05
  7.4707394E-05
  9.9972487E-05
  9.7184995E-05
  4.6663368E-05
 -7.2894938E-05
 -3.1279668E-04
 -8.1118138E-04
 -1.8553010E-03
 -3.8051805E-03
 -6.7354040E-03
 -9.8899137E-03
 -1.1589960E-02
 -1.0310045E-02
 -6.5259226E-03
 -2.6339586E-03
 -4.2372022E-04
  3.1273128E-04
  3.4976634E-04
  1.9128049E-04
  5.6715871E-05
  3.1207676E-06
  1.0000000E-10
  0.0000000E+00
 -2.1362555E-07
  2.0682776E-06
  1.0000000E-10
  1.0000000E-10
  1.0000000E-10
  1.0000000E-10
  1.0000000E-10
  1.0000000E-10
  1.0000000E-10
  1.0000000E-10
  1.0000000E-10
  1.0000000E-10
  1.0000000E-10
  1.0000000E-10
  1.0000000E-10
  1.0000000E-10
  1.0000000E-10
  1.0000000E-10
  1.0000000E-10
  1.0000000E-10
  1.0000000E-10
  1.0000000E-10
  1.0000000E-10
  1.0000000E-10
  1.0000000E-10
  0.0000000E+00
