  0.0000000E+00
  1.0000000E-10
  1.0000000E-10
  1.0000000E-10
  1.0000000E-10
  1.0000000E-10
  1.0000000E-10
  1.0000000E-10
  1.0000000E-10
  1.0000000E-10
  1.0000000E-10
   1.000000    
   1.000000    
  0.0000000E+00
  1.0000000E-10
  5.5486095E-07
  4.2820907E-06
  3.4128934E-06
 -7.5339703E-06
 -3.0398089E-05
 -4.8349659E-05
 -7.5910379E-05
 -3.1741132E-04
 -2.4233856E-03
  1.5936278E-02
   1.009211    
  0.9327588    
  1.0000000E-10
  1.0000000E-10
  1.1212507E-05
  3.7650152E-05
  2.3984783E-05
 -9.3723385E-05
 -3.3965550E-04
 -5.3443521E-04
 -8.2611589E-04
 -3.1023466E-03
 -1.4525631E-02
  9.5648170E-02
   1.040301    
  0.7274435    
  1.0000000E-10
  1.0000000E-10
  3.9033395E-05
  1.0741726E-04
  4.3541797E-05
 -3.7383937E-04
 -1.2404356E-03
 -1.9251050E-03
 -2.8794948E-03
 -9.4187995E-03
 -2.4499927E-02
  0.2259480    
   1.022145    
  0.4987040    
  1.0000000E-10
  1.0000000E-10
  7.6681579E-05
  1.8689840E-04
 -1.5327863E-05
 -1.0523770E-03
 -3.1683133E-03
 -4.8060934E-03
 -6.7894319E-03
 -1.8280184E-02
 -1.4897969E-02
  0.3706458    
  0.9226461    
  0.3271539    
  1.0000000E-10
  1.0000000E-10
  9.8727418E-05
  1.8896222E-04
 -3.3556012E-04
 -2.4870979E-03
 -6.7308787E-03
 -9.8345419E-03
 -1.2684593E-02
 -2.6433185E-02
  2.5820589E-02
  0.4912959    
  0.7672104    
  0.2179755    
  1.0000000E-10
  1.0000000E-10
  6.2795640E-05
 -4.9413055E-05
 -1.2567962E-03
 -5.2642296E-03
 -1.2719763E-02
 -1.7476726E-02
 -1.9700678E-02
 -2.8574016E-02
  9.8724484E-02
  0.5577148    
  0.5973036    
  0.1521105    
  1.0000000E-10
  1.0000000E-10
 -8.5102853E-05
 -7.6181919E-04
 -3.3201240E-03
 -1.0335073E-02
 -2.2196844E-02
 -2.7580641E-02
 -2.5703963E-02
 -1.6856333E-02
  0.1879788    
  0.5629869    
  0.4453374    
  0.1091649    
  1.0000000E-10
  1.0000000E-10
 -4.2275665E-04
 -2.3024266E-03
 -7.4124914E-03
 -1.9325864E-02
 -3.6624007E-02
 -3.8868289E-02
 -2.7200654E-02
  1.5669860E-02
  0.2708777    
  0.5170181    
  0.3244936    
  7.8483120E-02
  1.0000000E-10
  1.0000000E-10
 -1.1174706E-03
 -5.3863297E-03
 -1.5206462E-02
 -3.4940764E-02
 -5.7170693E-02
 -4.8610471E-02
 -1.9442238E-02
  6.8953119E-02
  0.3276621    
  0.4413522    
  0.2357713    
  5.6439228E-02
  1.0000000E-10
  1.0000000E-10
 -2.5560497E-03
 -1.1534453E-02
 -2.9765273E-02
 -6.0648333E-02
 -8.1771173E-02
 -5.3520255E-02
  1.7369799E-03
  0.1307169    
  0.3522595    
  0.3582062    
  0.1723915    
  4.0912852E-02
  1.0000000E-10
  1.0000000E-10
 -5.3787427E-03
 -2.2932544E-02
 -5.4063581E-02
 -9.4113693E-02
 -0.1032022    
 -5.0464075E-02
  3.6851078E-02
  0.1878963    
  0.3456682    
  0.2789500    
  0.1246308    
  2.9160626E-02
  1.0000000E-10
  1.0000000E-10
 -9.7305821E-03
 -3.9242227E-02
 -8.3536275E-02
 -0.1240075    
 -0.1128011    
 -3.4971818E-02
  7.9625614E-02
  0.2272485    
  0.3089938    
  0.2032838    
  8.4112003E-02
  1.9053245E-02
  1.0000000E-10
  1.0000000E-10
 -1.3983740E-02
 -5.3585496E-02
 -0.1037904    
 -0.1337826    
 -0.1001158    
 -4.2069745E-03
  0.1175025    
  0.2348362    
  0.2446889    
  0.1306298    
  4.8331402E-02
  1.0230164E-02
  1.0000000E-10
  1.0000000E-10
 -1.5005864E-02
 -5.5313520E-02
 -9.9397883E-02
 -0.1124877    
 -6.2310778E-02
  2.9025193E-02
  0.1328555    
  0.2090850    
  0.1650572    
  6.8398364E-02
  2.0852633E-02
  3.7839476E-03
  1.0000000E-10
  1.0000000E-10
 -1.1433179E-02
 -4.0984396E-02
 -6.9338217E-02
 -6.7227282E-02
 -1.8214494E-02
  5.2337889E-02
  0.1301326    
  0.1623702    
  9.0506189E-02
  2.5543740E-02
  4.5941444E-03
  2.4330549E-04
  1.0000000E-10
  1.0000000E-10
 -5.1263305E-03
 -1.7550811E-02
 -2.6364964E-02
 -1.5995838E-02
  2.0111615E-02
  6.7897834E-02
  0.1158943    
  0.1093357    
  3.7508361E-02
  3.5628730E-03
 -2.5812190E-03
 -1.1647134E-03
  1.0000000E-10
  1.0000000E-10
  2.2046531E-03
  8.7122656E-03
  1.8107058E-02
  3.1379919E-02
  5.0298311E-02
  7.4336119E-02
  9.5115103E-02
  6.2172025E-02
  1.0139489E-02
 -5.2292319E-03
 -4.9331980E-03
 -1.5380282E-03
  1.0000000E-10
  1.0000000E-10
  1.0932028E-02
  3.8698345E-02
  6.4269312E-02
  7.2703727E-02
  6.9583125E-02
  7.1599558E-02
  7.0744783E-02
  3.0931573E-02
 -1.1380942E-03
 -7.7983462E-03
 -5.2428916E-03
 -1.5122307E-03
  1.0000000E-10
  1.0000000E-10
  2.3687735E-02
  7.9028621E-02
  0.1160723    
  0.1054765    
  7.6551527E-02
  6.0920119E-02
  4.7473047E-02
  1.4465371E-02
 -4.5994143E-03
 -7.2723981E-03
 -4.4485922E-03
 -1.2507389E-03
  1.0000000E-10
  1.0000000E-10
  4.6454955E-02
  0.1412759    
  0.1733661    
  0.1254109    
  7.1698017E-02
  4.5561817E-02
  2.8955141E-02
  6.3441303E-03
 -4.4884994E-03
 -5.3546350E-03
 -3.1159893E-03
 -8.6013600E-04
  1.0000000E-10
  1.0000000E-10
  9.0109840E-02
  0.2372943    
  0.2283113    
  0.1290717    
  5.7486009E-02
  2.9432843E-02
  1.5956160E-02
  2.5503221E-03
 -3.1459946E-03
 -3.2777623E-03
 -1.8087963E-03
 -4.8103341E-04
  1.0000000E-10
  1.0000000E-10
  0.1737964    
  0.3741653    
  0.2664137    
  0.1129846    
  3.8082637E-02
  1.5928965E-02
  7.7292714E-03
  9.0204668E-04
 -1.7634833E-03
 -1.6847546E-03
 -8.5952756E-04
 -2.0714357E-04
  1.0000000E-10
  1.0000000E-10
  0.3174739    
  0.5496613    
  0.2691138    
  7.7805594E-02
  1.9285398E-02
  6.8213288E-03
  3.0909006E-03
  2.5994764E-04
 -7.7833608E-04
 -7.0094189E-04
 -3.1852160E-04
 -5.7701800E-05
  1.0000000E-10
  1.0000000E-10
  0.5292805    
  0.7583688    
  0.2079920    
  3.4043755E-02
  6.2690489E-03
  1.9753329E-03
  8.5932488E-04
  5.0138180E-05
 -2.3289211E-04
 -2.0199807E-04
 -7.8673365E-05
 -3.5843896E-06
  1.0000000E-10
  1.0000000E-10
  0.7914425    
  0.9444305    
  7.2930977E-02
  4.5176223E-03
  6.3890393E-04
  1.8509182E-04
  7.7956385E-05
  2.3644388E-06
 -2.2777604E-05
 -1.9235153E-05
 -5.8752266E-06
  2.0374346E-06
  1.0000000E-10
  0.0000000E+00
  0.9999994    
  0.9999994    
  1.0000000E-10
  1.0000000E-10
  1.0000000E-10
  1.0000000E-10
  1.0000000E-10
  1.0000000E-10
  1.0000000E-10
  1.0000000E-10
  1.0000000E-10
  1.0000000E-10
  0.0000000E+00
