  0.0000000E+00
  1.0000000E-10
  1.0000000E-10
  1.0000000E-10
  1.0000000E-10
  1.0000000E-10
  1.0000000E-10
  1.0000000E-10
  1.0000000E-10
  1.0000000E-10
  1.0000000E-10
  1.0000000E-10
  1.0000000E-10
  0.0000000E+00
  1.0000000E-10
 -5.5685354E-07
 -1.9352537E-05
 -7.0247763E-05
 -3.0720312E-05
  6.0609478E-04
  2.4361711E-03
  4.9665198E-03
  9.7944438E-03
  2.4869975E-02
  2.6842469E-02
 -8.8136487E-02
 -0.1628761    
  1.0000000E-10
  1.0000000E-10
 -4.4820126E-06
 -5.6045610E-05
 -1.7267643E-04
  3.5179452E-05
  2.1869268E-03
  8.1743579E-03
  1.6433802E-02
  3.1392515E-02
  7.0132896E-02
  3.3628121E-02
 -0.1979562    
 -0.1439908    
  1.0000000E-10
  1.0000000E-10
 -6.5658000E-06
 -7.2175935E-05
 -1.8001597E-04
  3.6835374E-04
  4.3684999E-03
  1.5015729E-02
  2.9487703E-02
  5.3505152E-02
  9.8185509E-02
 -1.5972134E-02
 -0.2100919    
 -5.7940274E-02
  1.0000000E-10
  1.0000000E-10
 -5.2267010E-06
 -5.0610644E-05
 -3.9003527E-05
  1.0858275E-03
  7.2484417E-03
  2.2674132E-02
  4.2904265E-02
  7.1458444E-02
  9.5777407E-02
 -7.5742677E-02
 -0.1647681    
 -1.9419910E-02
  1.0000000E-10
  1.0000000E-10
 -1.0286218E-06
  1.1389801E-05
  2.7491307E-04
  2.2593595E-03
  1.0866234E-02
  3.0650193E-02
  5.4567523E-02
  8.0057517E-02
  6.3701481E-02
 -0.1096012    
 -0.1062293    
 -7.0662592E-03
  1.0000000E-10
  1.0000000E-10
  4.6614850E-06
  1.0150635E-04
  7.3783915E-04
  3.8948241E-03
  1.5288307E-02
  3.8551703E-02
  6.2083118E-02
  7.6885350E-02
  1.8230975E-02
 -0.1120688    
 -6.0921129E-02
 -3.0741016E-03
  1.0000000E-10
  1.0000000E-10
  1.0876289E-05
  2.0807606E-04
  1.3241066E-03
  6.0512116E-03
  2.0869104E-02
  4.6351440E-02
  6.4611085E-02
  6.2103622E-02
 -2.2337865E-02
 -9.6060261E-02
 -3.3860169E-02
 -1.7010829E-03
  1.0000000E-10
  1.0000000E-10
  1.8726185E-05
  3.4788062E-04
  2.1266539E-03
  9.1076745E-03
  2.8367747E-02
  5.4100107E-02
  6.3132152E-02
  3.8906015E-02
 -4.7443997E-02
 -7.2472781E-02
 -1.9042669E-02
 -1.0362245E-03
  1.0000000E-10
  1.0000000E-10
  3.2191168E-05
  5.8163999E-04
  3.4310301E-03
  1.3840548E-02
  3.7963443E-02
  6.0289785E-02
  5.7734396E-02
  1.3330029E-02
 -5.5995934E-02
 -4.9758919E-02
 -1.0843989E-02
 -6.1593950E-04
  1.0000000E-10
  1.0000000E-10
  5.7897854E-05
  1.0009670E-03
  5.6059458E-03
  2.0438492E-02
  4.5804441E-02
  6.0326140E-02
  4.5783918E-02
 -9.5892902E-03
 -5.5138215E-02
 -3.3304736E-02
 -6.6041872E-03
 -3.8100936E-04
  1.0000000E-10
  1.0000000E-10
  9.4991759E-05
  1.5537757E-03
  8.0358712E-03
  2.4647666E-02
  4.4483241E-02
  4.8018824E-02
  2.1783695E-02
 -3.2102913E-02
 -5.3417571E-02
 -2.4334602E-02
 -4.7010691E-03
 -2.7614081E-04
  1.0000000E-10
  1.0000000E-10
  1.1725038E-04
  1.7955770E-03
  8.2733696E-03
  2.0699713E-02
  2.7697854E-02
  1.6156204E-02
 -1.8461682E-02
 -5.8100153E-02
 -5.4372780E-02
 -2.0345422E-02
 -3.8674241E-03
 -2.2853466E-04
  1.0000000E-10
  1.0000000E-10
  7.9460304E-05
  1.0874930E-03
  4.0510762E-03
  5.3834454E-03
 -6.9063827E-03
 -3.6332946E-02
 -6.8021722E-02
 -8.1580557E-02
 -5.3684898E-02
 -1.7102547E-02
 -3.0966830E-03
 -1.7855215E-04
  1.0000000E-10
  1.0000000E-10
 -2.9499779E-05
 -5.8915821E-04
 -3.8377049E-03
 -1.6651601E-02
 -4.8064444E-02
 -8.3200738E-02
 -0.1011792    
 -9.0771087E-02
 -4.6185743E-02
 -1.2432538E-02
 -2.0626492E-03
 -1.1286658E-04
  1.0000000E-10
  1.0000000E-10
 -1.3996630E-04
 -2.2224009E-03
 -1.1038823E-02
 -3.4379985E-02
 -7.2709836E-02
 -0.1038086    
 -0.1108464    
 -8.3125100E-02
 -3.2496344E-02
 -7.1027875E-03
 -1.0668096E-03
 -5.3884876E-05
  1.0000000E-10
  1.0000000E-10
 -2.1156447E-04
 -3.2327606E-03
 -1.5181132E-02
 -4.3023616E-02
 -8.1496149E-02
 -0.1072023    
 -0.1034553    
 -6.3834995E-02
 -1.7830944E-02
 -3.1975030E-03
 -4.2085804E-04
 -1.7973549E-05
  1.0000000E-10
  1.0000000E-10
 -2.8546396E-04
 -4.2641191E-03
 -1.9140234E-02
 -5.0423875E-02
 -8.6385168E-02
 -0.1027650    
 -8.7373361E-02
 -3.9968722E-02
 -7.9183243E-03
 -1.1255937E-03
 -1.0480642E-04
 -2.0506420E-06
  1.0000000E-10
  1.0000000E-10
 -4.6519563E-04
 -6.6541047E-03
 -2.7635679E-02
 -6.4053327E-02
 -9.3390062E-02
 -9.5661014E-02
 -6.6487089E-02
 -1.9846369E-02
 -2.2025877E-03
  1.2333781E-04
  9.1399575E-05
  8.0635637E-06
  1.0000000E-10
  1.0000000E-10
 -1.0052983E-03
 -1.3191869E-02
 -4.7310308E-02
 -8.8165395E-02
 -0.1041995    
 -8.7560698E-02
 -4.5476064E-02
 -6.9112373E-03
  1.7879129E-03
  1.1625923E-03
  2.8292614E-04
  1.9605848E-05
  1.0000000E-10
  1.0000000E-10
 -2.5822956E-03
 -2.9574677E-02
 -8.5152172E-02
 -0.1232137    
 -0.1169532    
 -7.9053424E-02
 -2.8925464E-02
  1.0333282E-03
  4.3116845E-03
  1.8595271E-03
  4.2259207E-04
  2.8810988E-05
  1.0000000E-10
  1.0000000E-10
 -7.1003316E-03
 -6.6823475E-02
 -0.1485320    
 -0.1664573    
 -0.1254571    
 -6.8498202E-02
 -1.7457493E-02
  5.0583654E-03
  5.2113198E-03
  2.0290464E-03
  4.5237219E-04
  3.0995350E-05
  1.0000000E-10
  1.0000000E-10
 -1.9020323E-02
 -0.1428395    
 -0.2403886    
 -0.2064310    
 -0.1207720    
 -5.4511033E-02
 -1.0073433E-02
  6.1007021E-03
  4.7901333E-03
  1.7407575E-03
  3.7502137E-04
  2.5482110E-05
  1.0000000E-10
  1.0000000E-10
 -4.3690082E-02
 -0.2730768    
 -0.3560069    
 -0.2178708    
 -9.7788885E-02
 -3.8102094E-02
 -5.3423531E-03
  5.2204081E-03
  3.5992507E-03
  1.2132024E-03
  2.3714195E-04
  1.4611715E-05
  1.0000000E-10
  1.0000000E-10
 -9.5053434E-02
 -0.4461617    
 -0.4631280    
 -0.1715218    
 -6.0843088E-02
 -2.1534380E-02
 -2.3652073E-03
  3.3375262E-03
  2.1231244E-03
  6.5482600E-04
  9.9521290E-05
  2.6747173E-06
  1.0000000E-10
  1.0000000E-10
 -0.2699921    
 -0.5414327    
 -0.3255863    
 -6.4965010E-02
 -1.9667372E-02
 -6.5788887E-03
 -5.7815074E-04
  1.1099250E-03
  6.6822628E-04
  1.8675634E-04
  1.4028707E-05
 -2.9562013E-06
  1.0000000E-10
  0.0000000E+00
 -0.3507479    
 -0.5369467    
  1.0000000E-10
  1.0000000E-10
  1.0000000E-10
  1.0000000E-10
  1.0000000E-10
  1.0000000E-10
  1.0000000E-10
  1.0000000E-10
  1.0000000E-10
  1.0000000E-10
  0.0000000E+00
