  1.0000000E-10
  1.0000000E-10
  1.0000000E-10
  1.0000000E-10
  1.0000000E-10
  1.0000000E-10
  1.0000000E-10
  1.0000000E-10
  1.0000000E-10
  1.0000000E-10
  1.0000000E-10
  1.0000000E-10
  1.0000000E-10
  1.0000000E-10
  1.0000000E-10
  1.0000000E-10
  1.0000000E-10
  1.0000000E-10
  1.0000000E-10
  1.0000000E-10
  1.0000000E-10
  1.0000000E-10
  1.0000000E-10
  1.0000000E-10
  1.0000000E-10
  1.0000000E-10
  1.0000000E-10
  1.0000000E-10
  1.0000000E-10
  1.0000000E-10
  1.0000000E-10
  1.0000000E-10
  1.0000000E-10
  1.0000000E-10
  1.0000000E-10
  1.0000000E-10
  1.0000000E-10
  1.0000000E-10
  1.0000000E-10
  1.0000000E-10
  1.0000000E-10
  1.0000000E-10
  1.0000000E-10
  1.0000000E-10
  1.0000000E-10
  1.0000000E-10
  1.0000000E-10
  1.0000000E-10
  1.0000000E-10
  1.0000000E-10
  1.0000000E-10
  1.0000000E-10
  1.0000000E-10
 -0.2484759    
 -0.3724757    
 -0.4214387    
 -0.6302940    
 -0.4121198    
 -0.1801325    
 -9.7442277E-02
 -5.6849349E-02
 -3.5900269E-02
 -2.3640551E-02
 -1.6082291E-02
 -1.1211360E-02
 -7.9645403E-03
 -5.7544112E-03
 -4.2037442E-03
 -3.0780060E-03
 -2.2218830E-03
 -1.5303140E-03
 -9.3045167E-04
 -3.7266879E-04
  1.7298201E-04
  7.1792112E-04
  1.2529570E-03
  1.7520930E-03
  2.1748589E-03
  2.4826280E-03
  2.6571921E-03
  2.7085959E-03
  2.6632829E-03
  2.5629569E-03
  2.4557931E-03
  2.3878361E-03
  2.4046940E-03
  2.5611171E-03
  2.9269170E-03
  3.5917959E-03
  4.6620928E-03
  6.2560802E-03
  8.5208397E-03
  1.1695500E-02
  1.6217159E-02
  2.3004349E-02
  3.3302970E-02
  5.1360302E-02
  8.3431318E-02
 -7.7859573E-02
 -9.9715747E-02
 -0.1091619    
 -0.1651119    
 -0.1482594    
  1.0000000E-10
  1.0000000E-10
 -7.5732343E-02
 -0.2275344    
 -0.4066414    
 -0.5881704    
 -0.5857400    
 -0.3831813    
 -0.2521041    
 -0.1647904    
 -0.1112155    
 -7.6500572E-02
 -5.3624429E-02
 -3.8209580E-02
 -2.7594840E-02
 -2.0185011E-02
 -1.4885120E-02
 -1.0978330E-02
 -7.9720020E-03
 -5.5222232E-03
 -3.3853380E-03
 -1.3926250E-03
  5.5864413E-04
  2.5078971E-03
  4.4235000E-03
  6.2154550E-03
  7.7424920E-03
  8.8699860E-03
  9.5287086E-03
  9.7487541E-03
  9.6210577E-03
  9.2906868E-03
  8.9272987E-03
  8.6954944E-03
  8.7583223E-03
  9.3069887E-03
  1.0576530E-02
  1.2853270E-02
  1.6454309E-02
  2.1695850E-02
  2.8914079E-02
  3.8565960E-02
  5.1292311E-02
  6.7867987E-02
  8.6752191E-02
  0.1039919    
  8.2990073E-02
 -0.1683932    
 -0.2335673    
 -0.2327896    
 -0.2283892    
 -0.1306234    
  1.0000000E-10
  1.0000000E-10
 -3.0305050E-02
 -0.1391882    
 -0.2863748    
 -0.4152956    
 -0.4472955    
 -0.3943305    
 -0.3120264    
 -0.2337946    
 -0.1712166    
 -0.1251272    
 -9.1636792E-02
 -6.7443818E-02
 -4.9895849E-02
 -3.7158638E-02
 -2.7773600E-02
 -2.0695010E-02
 -1.5151340E-02
 -1.0575450E-02
 -6.5496452E-03
 -2.7778009E-03
  9.2325622E-04
  4.6237740E-03
  8.2665551E-03
  1.1685790E-02
  1.4621310E-02
  1.6824169E-02
  1.8153431E-02
  1.8653370E-02
  1.8487880E-02
  1.7923109E-02
  1.7274680E-02
  1.6853729E-02
  1.6967380E-02
  1.7964290E-02
  2.0251891E-02
  2.4290729E-02
  3.0532051E-02
  3.9322920E-02
  5.0851651E-02
  6.5091789E-02
  8.1409223E-02
  9.7286962E-02
  0.1035558    
  8.0609716E-02
 -2.0656480E-02
 -0.2370526    
 -0.2850903    
 -0.2452535    
 -0.1734142    
 -5.2906431E-02
  1.0000000E-10
  1.0000000E-10
 -1.0948180E-02
 -7.1908958E-02
 -0.1653038    
 -0.2522584    
 -0.2995541    
 -0.3030300    
 -0.2811917    
 -0.2418259    
 -0.1974531    
 -0.1561744    
 -0.1214270    
 -9.3678087E-02
 -7.1865357E-02
 -5.5022269E-02
 -4.2001769E-02
 -3.1806760E-02
 -2.3589430E-02
 -1.6660349E-02
 -1.0475040E-02
 -4.6313400E-03
  1.1269170E-03
  6.8978169E-03
  1.2594420E-02
  1.7970100E-02
  2.2633640E-02
  2.6210980E-02
  2.8459230E-02
  2.9420299E-02
  2.9330760E-02
  2.8584240E-02
  2.7657690E-02
  2.7030289E-02
  2.7169960E-02
  2.8583189E-02
  3.1813830E-02
  3.7398309E-02
  4.5726310E-02
  5.6830931E-02
  7.0159413E-02
  8.4181860E-02
  9.5358297E-02
  9.5859997E-02
  6.9588877E-02
 -3.9943210E-03
 -0.1300778    
 -0.2517817    
 -0.2563790    
 -0.1860580    
 -9.4177648E-02
 -1.1779650E-02
  1.0000000E-10
  1.0000000E-10
 -3.6458699E-03
 -3.2169480E-02
 -8.2070380E-02
 -0.1372597    
 -0.1805098    
 -0.2042618    
 -0.2102154    
 -0.2028172    
 -0.1848675    
 -0.1602067    
 -0.1342720    
 -0.1100425    
 -8.8673510E-02
 -7.0592418E-02
 -5.5570599E-02
 -4.3115579E-02
 -3.2615840E-02
 -2.3457799E-02
 -1.5089070E-02
 -7.0682950E-03
  8.9793548E-04
  8.9192623E-03
  1.6875880E-02
  2.4445411E-02
  3.1107640E-02
  3.6371421E-02
  3.9847922E-02
  4.1545071E-02
  4.1756101E-02
  4.0983219E-02
  3.9853949E-02
  3.9017070E-02
  3.9089680E-02
  4.0697150E-02
  4.4420231E-02
  5.0681259E-02
  5.9501201E-02
  7.0142508E-02
  8.0668159E-02
  8.7237887E-02
  8.2843900E-02
  5.6136571E-02
 -4.8395209E-03
 -9.5642947E-02
 -0.1753304    
 -0.2178974    
 -0.1874944    
 -0.1131986    
 -4.1356761E-02
 -1.0389640E-03
  1.0000000E-10
  1.0000000E-10
 -1.1308331E-03
 -1.3163790E-02
 -3.6764700E-02
 -6.7547828E-02
 -9.8429643E-02
 -0.1235752    
 -0.1401367    
 -0.1476249    
 -0.1469181    
 -0.1399912    
 -0.1272833    
 -0.1118097    
 -9.5605828E-02
 -7.9978243E-02
 -6.5589257E-02
 -5.2633300E-02
 -4.0973932E-02
 -3.0281451E-02
 -2.0156970E-02
 -1.0228590E-02
 -2.3232440E-04
  9.9190930E-03
  2.0071790E-02
  2.9845200E-02
  3.8612280E-02
  4.5812801E-02
  5.0844479E-02
  5.3635899E-02
  5.4510199E-02
  5.4013669E-02
  5.2865021E-02
  5.1839892E-02
  5.1648080E-02
  5.2943539E-02
  5.6195661E-02
  6.1478760E-02
  6.8125293E-02
  7.4233659E-02
  7.6120943E-02
  6.7714803E-02
  4.0689610E-02
 -1.0898530E-02
 -7.9325393E-02
 -0.1353757    
 -0.1655236    
 -0.1609473    
 -0.1175916    
 -6.0040779E-02
 -1.7832231E-02
  1.4154820E-04
  1.0000000E-10
  1.0000000E-10
 -3.3840031E-04
 -5.2216980E-03
 -1.5681900E-02
 -3.1196861E-02
 -4.9700189E-02
 -6.8434127E-02
 -8.4839217E-02
 -9.7205967E-02
 -0.1047274    
 -0.1072991    
 -0.1056177    
 -9.9898860E-02
 -9.1130741E-02
 -8.0722459E-02
 -6.9581270E-02
 -5.8308881E-02
 -4.7195889E-02
 -3.6265761E-02
 -2.5379810E-02
 -1.4335680E-02
 -2.9738490E-03
  8.7321447E-03
  2.0593541E-02
  3.2199841E-02
  4.2858642E-02
  5.2064560E-02
  5.8823850E-02
  6.3087732E-02
  6.5075152E-02
  6.5286793E-02
  6.4434111E-02
  6.3293323E-02
  6.2555999E-02
  6.2795430E-02
  6.4223677E-02
  6.6378459E-02
  6.7664780E-02
  6.4851001E-02
  5.2905589E-02
  2.6002901E-02
 -1.8262520E-02
 -6.9233187E-02
 -0.1091194    
 -0.1303384    
 -0.1285812    
 -0.1047429    
 -6.6302180E-02
 -3.0204410E-02
 -8.3280038E-03
  8.9360663E-05
  1.0000000E-10
  1.0000000E-10
 -1.0344700E-04
 -2.1147251E-03
 -6.6710110E-03
 -1.4078640E-02
 -2.4023380E-02
 -3.5697810E-02
 -4.7877800E-02
 -5.9232380E-02
 -6.8660997E-02
 -7.5450256E-02
 -7.9257973E-02
 -8.0145873E-02
 -7.8271680E-02
 -7.3685959E-02
 -6.7198031E-02
 -5.9326570E-02
 -5.0480612E-02
 -4.0899109E-02
 -3.0671170E-02
 -1.9780930E-02
 -8.2106078E-03
  3.9863521E-03
  1.6592620E-02
  2.9197341E-02
  4.1108809E-02
  5.1855929E-02
  6.0353041E-02
  6.6297308E-02
  6.9764636E-02
  7.1093664E-02
  7.0863679E-02
  6.9730803E-02
  6.8256989E-02
  6.6749431E-02
  6.5097578E-02
  6.2158201E-02
  5.5319730E-02
  4.0643491E-02
  1.4387760E-02
 -2.3512550E-02
 -6.1680969E-02
 -9.0415798E-02
 -0.1051059    
 -0.1038301    
 -8.7901257E-02
 -6.2428549E-02
 -3.5595279E-02
 -1.5368350E-02
 -4.2095832E-03
  1.7793060E-05
  1.0000000E-10
  1.0000000E-10
 -3.4889330E-05
 -9.0783718E-04
 -2.9613201E-03
 -6.4705689E-03
 -1.1581310E-02
 -1.8213820E-02
 -2.6022540E-02
 -3.4416091E-02
 -4.2659760E-02
 -5.0044801E-02
 -5.6008570E-02
 -6.0171440E-02
 -6.2345240E-02
 -6.2552460E-02
 -6.0575351E-02
 -5.6742720E-02
 -5.1284641E-02
 -4.4417471E-02
 -3.6298361E-02
 -2.7026430E-02
 -1.6683260E-02
 -5.3861942E-03
  6.6503319E-03
  1.9044010E-02
  3.1190369E-02
  4.2419098E-02
  5.2264340E-02
  5.9731290E-02
  6.4736970E-02
  6.7374513E-02
  6.7978203E-02
  6.6997893E-02
  6.4755768E-02
  6.1246991E-02
  5.5840440E-02
  4.6649750E-02
  3.0574789E-02
  5.4536350E-03
 -2.7013350E-02
 -5.6292210E-02
 -7.7449411E-02
 -8.7637961E-02
 -8.6103283E-02
 -7.4290588E-02
 -5.5840500E-02
 -3.5900861E-02
 -1.9237330E-02
 -8.1451312E-03
 -2.2499119E-03
 -3.8867920E-06
  1.0000000E-10
  1.0000000E-10
 -1.3431950E-05
 -4.2182230E-04
 -1.4075590E-03
 -3.1498640E-03
 -5.8001159E-03
 -9.4748614E-03
 -1.4191560E-02
 -1.9808549E-02
 -2.6013831E-02
 -3.2390881E-02
 -3.8470011E-02
 -4.3827970E-02
 -4.8122201E-02
 -5.1101878E-02
 -5.2632820E-02
 -5.2503929E-02
 -5.0733730E-02
 -4.7362540E-02
 -4.2459261E-02
 -3.6105469E-02
 -2.8394051E-02
 -1.9456450E-02
 -9.4511416E-03
  1.3457340E-03
  1.2472660E-02
  2.3247520E-02
  3.3124309E-02
  4.1449569E-02
  4.7678329E-02
  5.1532939E-02
  5.3020451E-02
  5.2297238E-02
  4.9394131E-02
  4.3821219E-02
  3.4184199E-02
  1.8334350E-02
 -5.2957302E-03
 -3.2303959E-02
 -5.4956950E-02
 -7.0640430E-02
 -7.7509686E-02
 -7.5355813E-02
 -6.5562129E-02
 -5.0931420E-02
 -3.5060611E-02
 -2.1173950E-02
 -1.1001850E-02
 -4.6325088E-03
 -1.2906080E-03
 -8.1128464E-06
  1.0000000E-10
  1.0000000E-10
 -5.8204182E-06
 -2.1721169E-04
 -7.3613238E-04
 -1.6731350E-03
 -3.1378870E-03
 -5.2429512E-03
 -8.0826143E-03
 -1.1700350E-02
 -1.6061360E-02
 -2.1011161E-02
 -2.6311910E-02
 -3.1664111E-02
 -3.6752999E-02
 -4.1293081E-02
 -4.5054391E-02
 -4.7817592E-02
 -4.9395781E-02
 -4.9664721E-02
 -4.8540071E-02
 -4.5989871E-02
 -4.2046431E-02
 -3.6822110E-02
 -3.0323921E-02
 -2.2587990E-02
 -1.3803640E-02
 -4.6671350E-03
  4.2345142E-03
  1.2336160E-02
  1.8924201E-02
  2.3447121E-02
  2.5545340E-02
  2.4902370E-02
  2.0919770E-02
  1.2457400E-02
 -1.7975220E-03
 -2.2544000E-02
 -4.3210112E-02
 -6.0118530E-02
 -7.1081273E-02
 -7.4924953E-02
 -7.1594059E-02
 -6.2321749E-02
 -4.9369428E-02
 -3.5481978E-02
 -2.3060340E-02
 -1.3462770E-02
 -6.9031068E-03
 -2.9050210E-03
 -8.1460550E-04
 -7.4941108E-06
  1.0000000E-10
  1.0000000E-10
 -3.1002080E-06
 -1.2808540E-04
 -4.3720350E-04
 -1.0026490E-03
 -1.9011080E-03
 -3.2183030E-03
 -5.0392500E-03
 -7.4396972E-03
 -1.0467920E-02
 -1.4128930E-02
 -1.8363260E-02
 -2.3049070E-02
 -2.8013060E-02
 -3.3058301E-02
 -3.7991561E-02
 -4.2626381E-02
 -4.6778910E-02
 -5.0255880E-02
 -5.2863199E-02
 -5.4437831E-02
 -5.4831851E-02
 -5.4073501E-02
 -5.2175321E-02
 -4.9065400E-02
 -4.4561639E-02
 -3.8436379E-02
 -3.1896722E-02
 -2.5287570E-02
 -1.9462360E-02
 -1.5319680E-02
 -1.3758230E-02
 -1.5682850E-02
 -2.1903999E-02
 -3.3006601E-02
 -4.8104320E-02
 -6.1644580E-02
 -7.2567910E-02
 -7.8763410E-02
 -7.9243131E-02
 -7.4004740E-02
 -6.4060420E-02
 -5.1280089E-02
 -3.7889779E-02
 -2.5824871E-02
 -1.6212840E-02
 -9.2937937E-03
 -4.7307708E-03
 -1.9878100E-03
 -5.5866898E-04
 -5.8305518E-06
  1.0000000E-10
  1.0000000E-10
 -1.9495551E-06
 -8.1314247E-05
 -2.7947061E-04
 -6.4465072E-04
 -1.2312420E-03
 -2.1043031E-03
 -3.3327290E-03
 -4.9873032E-03
 -7.1293712E-03
 -9.8029580E-03
 -1.3027160E-02
 -1.6790289E-02
 -2.1053750E-02
 -2.5756670E-02
 -3.0833369E-02
 -3.6215350E-02
 -4.1828088E-02
 -4.7563922E-02
 -5.3256661E-02
 -5.8754440E-02
 -6.3542910E-02
 -6.7475878E-02
 -7.0526034E-02
 -7.2567828E-02
 -7.3371090E-02
 -7.2746918E-02
 -7.0452988E-02
 -6.7211539E-02
 -6.3882843E-02
 -6.1586428E-02
 -6.1464120E-02
 -6.4296298E-02
 -7.0044599E-02
 -7.7874437E-02
 -8.4531873E-02
 -8.9319408E-02
 -9.0754047E-02
 -8.7731831E-02
 -8.0131881E-02
 -6.8802983E-02
 -5.5311941E-02
 -4.1549280E-02
 -2.9165581E-02
 -1.9139189E-02
 -1.1707910E-02
 -6.5959101E-03
 -3.3191741E-03
 -1.3851840E-03
 -3.8687550E-04
 -3.1038751E-06
  1.0000000E-10
  1.0000000E-10
 -1.0484150E-06
 -4.9294140E-05
 -1.7052209E-04
 -3.9598241E-04
 -7.6263101E-04
 -1.3151050E-03
 -2.1055739E-03
 -3.1917761E-03
 -4.6308362E-03
 -6.4791120E-03
 -8.7812636E-03
 -1.1574880E-02
 -1.4885150E-02
 -1.8740499E-02
 -2.3175839E-02
 -2.8245451E-02
 -3.4032099E-02
 -4.0605400E-02
 -4.8010379E-02
 -5.6306180E-02
 -6.5056637E-02
 -7.3673539E-02
 -8.1962757E-02
 -8.9420043E-02
 -9.5718987E-02
 -0.1004737    
 -0.1033185    
 -0.1045307    
 -0.1046176    
 -0.1043555    
 -0.1044659    
 -0.1052950    
 -0.1065676    
 -0.1072487    
 -0.1064937    
 -0.1034266    
 -9.6950457E-02
 -8.7019257E-02
 -7.4092299E-02
 -5.9559859E-02
 -4.5067981E-02
 -3.2079730E-02
 -2.1504801E-02
 -1.3585530E-02
 -8.0677401E-03
 -4.4485801E-03
 -2.2035229E-03
 -9.0716168E-04
 -2.4949561E-04
 -6.4398262E-07
  1.0000000E-10
  1.0000000E-10
 -5.1620577E-07
 -2.6432010E-05
 -9.3212351E-05
 -2.1878640E-04
 -4.2530740E-04
 -7.4201182E-04
 -1.2039820E-03
 -1.8523970E-03
 -2.7333910E-03
 -3.8953070E-03
 -5.3896392E-03
 -7.2647640E-03
 -9.5731467E-03
 -1.2374400E-02
 -1.5744571E-02
 -1.9794179E-02
 -2.4674609E-02
 -3.0585989E-02
 -3.7756380E-02
 -4.6431169E-02
 -5.6932829E-02
 -6.8437576E-02
 -8.0525063E-02
 -9.2673443E-02
 -0.1041333    
 -0.1141499    
 -0.1221131    
 -0.1276850    
 -0.1308964    
 -0.1320699    
 -0.1316080    
 -0.1297728    
 -0.1265384    
 -0.1214717    
 -0.1145569    
 -0.1052534    
 -9.2775673E-02
 -7.8289561E-02
 -6.2517472E-02
 -4.7080860E-02
 -3.3402011E-02
 -2.2365430E-02
 -1.4237280E-02
 -8.6419340E-03
 -4.9761380E-03
 -2.6750660E-03
 -1.2956610E-03
 -5.2176131E-04
 -1.3976359E-04
  1.1804420E-06
  1.0000000E-10
  1.0000000E-10
 -8.0815767E-08
 -1.1302390E-05
 -4.0912571E-05
 -9.8278622E-05
 -1.9545620E-04
 -3.4946110E-04
 -5.8115227E-04
 -9.1825757E-04
 -1.3929150E-03
 -2.0447350E-03
 -2.9157191E-03
 -4.0553221E-03
 -5.5159489E-03
 -7.3617189E-03
 -9.6713388E-03
 -1.2551900E-02
 -1.6159620E-02
 -2.0700390E-02
 -2.6459809E-02
 -3.3786800E-02
 -4.3101080E-02
 -5.4840069E-02
 -6.8207063E-02
 -8.2676172E-02
 -9.7457021E-02
 -0.1115169    
 -0.1237652    
 -0.1332846    
 -0.1395135    
 -0.1422838    
 -0.1417178    
 -0.1380761    
 -0.1316156    
 -0.1225115    
 -0.1109756    
 -9.6757486E-02
 -8.0247931E-02
 -6.3204937E-02
 -4.6871290E-02
 -3.2763321E-02
 -2.1693150E-02
 -1.3756100E-02
 -8.3782719E-03
 -4.9043009E-03
 -2.7347859E-03
 -1.4246440E-03
 -6.6814752E-04
 -2.5958329E-04
 -6.6468900E-05
  1.7038520E-06
  1.0000000E-10
  1.0000000E-10
  1.1303410E-07
 -1.9725901E-06
 -8.2308516E-06
 -2.3212149E-05
 -5.1303788E-05
 -1.0230520E-04
 -1.8696110E-04
 -3.2272449E-04
 -5.3234142E-04
 -8.4293803E-04
 -1.2897600E-03
 -1.9139870E-03
 -2.7618939E-03
 -3.8894010E-03
 -5.3628120E-03
 -7.2678272E-03
 -9.7285379E-03
 -1.2914080E-02
 -1.7070141E-02
 -2.2529149E-02
 -2.9718760E-02
 -3.9118931E-02
 -5.1107530E-02
 -6.5183997E-02
 -8.0562256E-02
 -9.6292183E-02
 -0.1110650    
 -0.1235076    
 -0.1324437    
 -0.1371061    
 -0.1371821    
 -0.1327693    
 -0.1242687    
 -0.1122724    
 -9.7342260E-02
 -7.9753444E-02
 -6.2219109E-02
 -4.5729060E-02
 -3.1743381E-02
 -2.0934779E-02
 -1.3224360E-02
 -8.0433702E-03
 -4.7075041E-03
 -2.6400159E-03
 -1.4049660E-03
 -6.9573359E-04
 -3.0883419E-04
 -1.1291090E-04
 -2.6622070E-05
  1.6075630E-06
  1.0000000E-10
  1.0000000E-10
  2.7970270E-07
  3.3325880E-06
  9.6803769E-06
  1.8730771E-05
  2.9230870E-05
  3.6381229E-05
  3.5280220E-05
  1.4769140E-05
 -3.9471019E-05
 -1.4765070E-04
 -3.3726191E-04
 -6.4017391E-04
 -1.0950660E-03
 -1.7436590E-03
 -2.6399840E-03
 -3.8432570E-03
 -5.4419530E-03
 -7.5576329E-03
 -1.0376870E-02
 -1.4163330E-02
 -1.9279631E-02
 -2.6169520E-02
 -3.5266761E-02
 -4.6791218E-02
 -6.0452010E-02
 -7.5292110E-02
 -9.0190023E-02
 -0.1037397    
 -0.1143904    
 -0.1208709    
 -0.1223369    
 -0.1185256    
 -0.1097671    
 -9.6893787E-02
 -8.0687203E-02
 -6.3388340E-02
 -4.6958979E-02
 -3.2687061E-02
 -2.1469239E-02
 -1.3365900E-02
 -7.9166861E-03
 -4.4576558E-03
 -2.3706560E-03
 -1.1756930E-03
 -5.3155993E-04
 -2.0985740E-04
 -6.5336899E-05
 -1.1773850E-05
  1.6602140E-06
  1.7769050E-06
  1.0000000E-10
  1.0000000E-10
  2.5073740E-07
  5.6119861E-06
  1.7443630E-05
  3.7054411E-05
  6.4328407E-05
  9.8135701E-05
  1.3632700E-04
  1.7133440E-04
  1.9461100E-04
  1.9123890E-04
  1.4000019E-04
  1.7061600E-05
 -2.0784010E-04
 -5.6519499E-04
 -1.0930290E-03
 -1.8305409E-03
 -2.8356181E-03
 -4.1912091E-03
 -6.0272040E-03
 -8.5358871E-03
 -1.1993440E-02
 -1.6758120E-02
 -2.3225430E-02
 -3.1705528E-02
 -4.2221751E-02
 -5.4572321E-02
 -6.7568459E-02
 -8.0201767E-02
 -9.0921007E-02
 -9.8304041E-02
 -0.1011438    
 -9.8797143E-02
 -9.1330267E-02
 -7.9451807E-02
 -6.4596333E-02
 -4.9181990E-02
 -3.4914430E-02
 -2.3099611E-02
 -1.4240820E-02
 -8.1425691E-03
 -4.2580678E-03
 -1.9628720E-03
 -7.1850303E-04
 -1.1835670E-04
  1.1496450E-04
  1.6095920E-04
  1.2634060E-04
  7.1270559E-05
  2.5889160E-05
  2.4755730E-06
  1.0000000E-10
  1.0000000E-10
  2.5597569E-07
  5.8577598E-06
  1.8157771E-05
  3.9304559E-05
  6.9688162E-05
  1.0959330E-04
  1.5824749E-04
  2.1183099E-04
  2.6414549E-04
  3.0371349E-04
  3.1633611E-04
  2.8273821E-04
  1.8194001E-04
 -8.1982362E-06
 -3.1159259E-04
 -7.5261248E-04
 -1.3671980E-03
 -2.2088171E-03
 -3.3639639E-03
 -4.9637472E-03
 -7.2057592E-03
 -1.0352160E-02
 -1.4716800E-02
 -2.0590480E-02
 -2.8099580E-02
 -3.7209120E-02
 -4.7327880E-02
 -5.7703469E-02
 -6.7005113E-02
 -7.4007154E-02
 -7.7454977E-02
 -7.6510876E-02
 -7.0953786E-02
 -6.1412580E-02
 -4.9363531E-02
 -3.6703080E-02
 -2.5131321E-02
 -1.5788561E-02
 -8.9995097E-03
 -4.5093861E-03
 -1.8041390E-03
 -3.4247449E-04
  3.2756291E-04
  5.3814799E-04
  5.1251042E-04
  3.8800121E-04
  2.4492279E-04
  1.2347350E-04
  4.1736381E-05
  3.1155651E-06
  1.0000000E-10
  1.0000000E-10
  1.5088010E-07
  4.5792549E-06
  1.4135610E-05
  3.1560161E-05
  5.7318040E-05
  9.2456226E-05
  1.3649640E-04
  1.8791980E-04
  2.4172450E-04
  2.9025911E-04
  3.2330220E-04
  3.2700619E-04
  2.8734471E-04
  1.9012700E-04
  2.1124770E-05
 -2.3388620E-04
 -5.9632538E-04
 -1.0981130E-03
 -1.7944230E-03
 -2.7697510E-03
 -4.1545141E-03
 -6.1288439E-03
 -8.9137796E-03
 -1.2737410E-02
 -1.7732199E-02
 -2.3938039E-02
 -3.1058321E-02
 -3.8609680E-02
 -4.5699291E-02
 -5.1371790E-02
 -5.4565441E-02
 -5.4474890E-02
 -5.0808910E-02
 -4.4010472E-02
 -3.5152979E-02
 -2.5691040E-02
 -1.7058071E-02
 -1.0180540E-02
 -5.2929339E-03
 -2.1654530E-03
 -3.8028130E-04
  4.9061852E-04
  7.9626997E-04
  7.9016259E-04
  6.4027502E-04
  4.4835269E-04
  2.7085061E-04
  1.3296781E-04
  4.4244691E-05
  3.2578560E-06
  1.0000000E-10
  1.0000000E-10
  4.5403410E-09
  2.4648980E-06
  8.5547763E-06
  1.9927620E-05
  3.7986199E-05
  6.3342814E-05
  9.6421820E-05
  1.3562400E-04
  1.7799011E-04
  2.1788670E-04
  2.4926840E-04
  2.6306021E-04
  2.5062539E-04
  2.0429280E-04
  1.1554680E-04
 -2.2585720E-05
 -2.2218500E-04
 -5.0084188E-04
 -8.9073239E-04
 -1.4419639E-03
 -2.2329590E-03
 -3.3753649E-03
 -5.0091040E-03
 -7.2865020E-03
 -1.0308860E-02
 -1.4130100E-02
 -1.8612400E-02
 -2.3477679E-02
 -2.8185880E-02
 -3.2105781E-02
 -3.4496300E-02
 -3.4750499E-02
 -3.2602441E-02
 -2.8302500E-02
 -2.2527410E-02
 -1.6255289E-02
 -1.0517120E-02
 -5.9799259E-03
 -2.8066221E-03
 -8.3025527E-04
  2.4421580E-04
  7.1374909E-04
  8.1684242E-04
  7.2602119E-04
  5.5522908E-04
  3.7340209E-04
  2.1795581E-04
  1.0380140E-04
  3.3449709E-05
  2.1919509E-06
  1.0000000E-10
  1.0000000E-10
 -7.1034890E-08
  6.9420048E-07
  3.2287730E-06
  9.3176204E-06
  1.9478261E-05
  3.4217479E-05
  5.3654079E-05
  7.6983939E-05
  1.0254780E-04
  1.2696649E-04
  1.4723650E-04
  1.5851590E-04
  1.5637100E-04
  1.3749690E-04
  9.7398712E-05
  3.3665441E-05
 -5.9875190E-05
 -1.9123600E-04
 -3.7621101E-04
 -6.3979329E-04
 -1.0213690E-03
 -1.5782251E-03
 -2.3835441E-03
 -3.5195500E-03
 -5.0451900E-03
 -6.9993031E-03
 -9.3279360E-03
 -1.1897390E-02
 -1.4435970E-02
 -1.6607219E-02
 -1.8000361E-02
 -1.8261530E-02
 -1.7216889E-02
 -1.4979830E-02
 -1.1897430E-02
 -8.5013509E-03
 -5.3822659E-03
 -2.9271380E-03
 -1.2302510E-03
 -1.9633429E-04
  3.4247100E-04
  5.5233412E-04
  5.6595128E-04
  4.7832690E-04
  3.5270810E-04
  2.2819531E-04
  1.2611120E-04
  5.5013272E-05
  1.5140320E-05
 -1.9225010E-07
  1.0000000E-10
  1.0000000E-10
 -2.3497890E-07
 -1.9690719E-07
  5.5091169E-07
  3.5518001E-06
  4.9990549E-06
  9.5671430E-06
  1.5623051E-05
  2.2871811E-05
  3.0826741E-05
  3.8488561E-05
  4.5019999E-05
  4.9117531E-05
  4.9485261E-05
  4.5386831E-05
  3.5693130E-05
  1.9896190E-05
 -3.6522531E-06
 -3.6816309E-05
 -8.3842380E-05
 -1.5134001E-04
 -2.4991209E-04
 -3.9521951E-04
 -6.0758769E-04
 -9.1052201E-04
 -1.3217040E-03
 -1.8545249E-03
 -2.4980879E-03
 -3.2182040E-03
 -3.9418959E-03
 -4.5745680E-03
 -4.9967328E-03
 -5.1012179E-03
 -4.8309481E-03
 -4.2125140E-03
 -3.3398450E-03
 -2.3650641E-03
 -1.4658800E-03
 -7.6055079E-04
 -2.7814580E-04
  9.8501869E-06
  1.5363550E-04
  2.0248450E-04
  1.9523771E-04
  1.5954950E-04
  1.1405330E-04
  7.0165217E-05
  3.4688790E-05
  1.1050210E-05
 -7.7984538E-08
 -2.3870150E-06
  1.0000000E-10
  1.0000000E-10
 -2.3140490E-07
 -1.9584620E-07
  5.7384727E-07
  3.5627079E-06
  1.0000000E-10
  1.0000000E-10
  1.0000000E-10
  1.0000000E-10
  1.0000000E-10
  1.0000000E-10
  1.0000000E-10
  1.0000000E-10
  1.0000000E-10
  1.0000000E-10
  1.0000000E-10
  1.0000000E-10
  1.0000000E-10
  1.0000000E-10
  1.0000000E-10
  1.0000000E-10
  1.0000000E-10
  1.0000000E-10
  1.0000000E-10
  1.0000000E-10
  1.0000000E-10
  1.0000000E-10
  1.0000000E-10
  1.0000000E-10
  1.0000000E-10
  1.0000000E-10
  1.0000000E-10
  1.0000000E-10
  1.0000000E-10
  1.0000000E-10
  1.0000000E-10
  1.0000000E-10
  1.0000000E-10
  1.0000000E-10
  1.0000000E-10
  1.0000000E-10
  1.0000000E-10
  1.0000000E-10
  1.0000000E-10
  1.0000000E-10
  1.0000000E-10
  1.0000000E-10
  1.0000000E-10
  1.0000000E-10
  1.0000000E-10
  1.0000000E-10
  1.0000000E-10
