  0.0000000E+00
  -1.000000    
  -1.000000    
  1.0000000E-10
  1.0000000E-10
  1.0000000E-10
  1.0000000E-10
  1.0000000E-10
  1.0000000E-10
  1.0000000E-10
  1.0000000E-10
  1.0000000E-10
  1.0000000E-10
  1.0000000E-10
  1.0000000E-10
  1.0000000E-10
  1.0000000E-10
  1.0000000E-10
  1.0000000E-10
  1.0000000E-10
  1.0000000E-10
  1.0000000E-10
  1.0000000E-10
  1.0000000E-10
   1.000000    
   1.000000    
  0.0000000E+00
  1.0000000E-10
 -0.7331492    
 -0.8567241    
 -0.1636872    
 -2.6205972E-02
 -5.9450576E-03
 -1.7302094E-03
 -5.9167366E-04
 -2.3438341E-04
 -1.1562718E-04
 -7.7547847E-05
 -6.5883622E-05
 -5.5155146E-05
 -3.3038810E-05
 -5.9434428E-06
  1.1206108E-05
  7.6063811E-06
 -2.9445864E-05
 -1.4126330E-04
 -4.2095166E-04
 -1.1094946E-03
 -3.2059886E-03
 -8.9194793E-03
  8.2277663E-02
   1.000012    
  0.8855910    
  1.0000000E-10
  1.0000000E-10
 -0.3479753    
 -0.5520265    
 -0.3210302    
 -0.1374291    
 -5.2702628E-02
 -2.0105783E-02
 -7.9976646E-03
 -3.4568293E-03
 -1.7914784E-03
 -1.2282067E-03
 -1.0484447E-03
 -8.8442129E-04
 -5.5026897E-04
 -1.2979588E-04
  1.4849268E-04
  1.0779910E-04
 -4.4598425E-04
 -2.0246021E-03
 -5.4691122E-03
 -1.1663506E-02
 -1.8217715E-02
  2.7282627E-02
  0.3777347    
  0.9350917    
  0.5269315    
  1.0000000E-10
  1.0000000E-10
 -0.1129866    
 -0.2560418    
 -0.2552519    
 -0.1830368    
 -0.1097237    
 -5.8096383E-02
 -2.8940491E-02
 -1.4610713E-02
 -8.3503807E-03
 -6.0011973E-03
 -5.2026934E-03
 -4.4619562E-03
 -2.9312116E-03
 -9.0327987E-04
  5.3736666E-04
  5.0074491E-04
 -1.8253006E-03
 -7.8593446E-03
 -1.7826525E-02
 -2.2765310E-02
  2.5037719E-02
  0.2361223    
  0.5592355    
  0.6340721    
  0.2267655    
  1.0000000E-10
  1.0000000E-10
 -3.2944817E-02
 -9.4274968E-02
 -0.1322382    
 -0.1351323    
 -0.1122380    
 -8.1073046E-02
 -5.3070836E-02
 -3.3526443E-02
 -2.2644639E-02
 -1.7893823E-02
 -1.6139418E-02
 -1.4327675E-02
 -1.0272019E-02
 -4.3061986E-03
  4.9106067E-04
  1.5862999E-03
 -2.6757976E-03
 -1.2431435E-02
 -1.5797639E-02
  3.4138594E-02
  0.1865312    
  0.3731903    
  0.4536870    
  0.3213978    
  9.4955012E-02
  1.0000000E-10
  1.0000000E-10
 -1.0433381E-02
 -3.2974154E-02
 -5.4834165E-02
 -7.0596978E-02
 -7.5375028E-02
 -6.9450445E-02
 -5.8066145E-02
 -4.6653535E-02
 -3.8672086E-02
 -3.5054922E-02
 -3.4050144E-02
 -3.2068081E-02
 -2.5500398E-02
 -1.4172772E-02
 -2.9659790E-03
  3.1988234E-03
  2.9957129E-03
  5.8595380E-03
  5.0199263E-02
  0.1565379    
  0.2706625    
  0.3199935    
  0.2637945    
  0.1471298    
  4.1371375E-02
  1.0000000E-10
  1.0000000E-10
 -3.5598481E-03
 -1.1757771E-02
 -2.0948609E-02
 -3.0012580E-02
 -3.7322946E-02
 -4.1357234E-02
 -4.2131335E-02
 -4.1589674E-02
 -4.2031281E-02
 -4.4563569E-02
 -4.8024554E-02
 -4.9316525E-02
 -4.3624051E-02
 -2.9482000E-02
 -1.1724923E-02
  4.2944252E-03
  2.2994667E-02
  6.4670078E-02
  0.1337465    
  0.2015227    
  0.2285720    
  0.1957199    
  0.1283241    
  6.4236067E-02
  1.7465364E-02
  1.0000000E-10
  1.0000000E-10
 -9.4741571E-04
 -3.2786031E-03
 -6.2221917E-03
 -9.6847042E-03
 -1.3371548E-02
 -1.6878914E-02
 -2.0060299E-02
 -2.3453671E-02
 -2.8252415E-02
 -3.5570003E-02
 -4.4176251E-02
 -5.0391719E-02
 -4.9786102E-02
 -3.8509741E-02
 -1.7172426E-02
  1.2395613E-02
  5.1642329E-02
  9.8437116E-02
  0.1397148    
  0.1530784    
  0.1299915    
  8.7088823E-02
  4.7848500E-02
  2.1292740E-02
  5.3037261E-03
  1.0000000E-10
  1.0000000E-10
 -5.4916447E-05
 -2.8843409E-04
 -7.6612423E-04
 -1.5815983E-03
 -2.7815113E-03
 -4.3211896E-03
 -6.1118407E-03
 -8.2440060E-03
 -1.1278703E-02
 -1.6334601E-02
 -2.4320804E-02
 -3.2747790E-02
 -3.7098475E-02
 -3.2488320E-02
 -1.6055096E-02
  1.1501824E-02
  4.5912880E-02
  7.7397749E-02
  8.9492545E-02
  7.5284280E-02
  4.8211820E-02
  2.4792410E-02
  1.0580624E-02
  3.4484002E-03
  5.3599360E-04
  1.0000000E-10
  1.0000000E-10
  8.0484140E-05
  2.1506015E-04
  2.6928005E-04
  1.7664628E-04
 -1.2045498E-04
 -6.2889309E-04
 -1.2896189E-03
 -2.0609307E-03
 -3.0905246E-03
 -4.8419093E-03
 -8.0452133E-03
 -1.2900233E-02
 -1.7409340E-02
 -1.8015040E-02
 -1.1271955E-02
  3.9722868E-03
  2.3954680E-02
  3.8555905E-02
  3.7805498E-02
  2.5879655E-02
  1.3153663E-02
  4.7336826E-03
  6.0793420E-04
 -6.7131914E-04
 -4.1651819E-04
  1.0000000E-10
  1.0000000E-10
  3.9245882E-05
  1.1617293E-04
  1.7374940E-04
  1.8372215E-04
  1.2013196E-04
 -2.0242403E-05
 -2.0735789E-04
 -4.1051011E-04
 -6.6084461E-04
 -1.0901873E-03
 -1.9283355E-03
 -3.3707519E-03
 -5.1679797E-03
 -6.1994027E-03
 -4.7704070E-03
  3.4525097E-04
  7.8930296E-03
  1.3131542E-02
  1.2208732E-02
  7.4398448E-03
  2.9680517E-03
  2.8980317E-04
 -7.8926247E-04
 -8.3504780E-04
 -3.4054741E-04
  1.0000000E-10
  1.0000000E-10
  7.1109034E-06
  2.6062076E-05
  4.3853859E-05
  5.0857925E-05
  3.9674331E-05
  1.1829376E-05
 -2.4234279E-05
 -6.0465602E-05
 -1.0220466E-04
 -1.7446341E-04
 -3.2217783E-04
 -5.9304369E-04
 -9.6475217E-04
 -1.2567379E-03
 -1.0886069E-03
 -7.6795528E-05
  1.5714963E-03
  2.7866480E-03
  2.5642868E-03
  1.4534147E-03
  4.4956116E-04
 -1.2722940E-04
 -3.2564721E-04
 -2.7082930E-04
 -9.5525662E-05
  1.0000000E-10
  1.0000000E-10
  6.7519544E-08
  1.7636257E-06
  3.0501253E-06
  3.9136294E-06
  3.2005159E-06
  1.3139658E-06
 -9.1445537E-07
 -3.0295669E-06
 -5.2650494E-06
 -9.1712336E-06
 -1.7701612E-05
 -3.3900080E-05
 -5.7739810E-05
 -7.9228630E-05
 -7.3959789E-05
 -1.2151615E-05
  9.7766206E-05
  1.8452824E-04
  1.6952248E-04
  9.0534464E-05
  2.0421501E-05
 -1.9127237E-05
 -3.1469619E-05
 -2.2466862E-05
 -3.1218683E-06
  1.0000000E-10
  0.0000000E+00
  1.0000000E-10
  1.0000000E-10
  1.0000000E-10
  1.0000000E-10
  1.0000000E-10
  1.0000000E-10
  1.0000000E-10
  1.0000000E-10
  1.0000000E-10
  1.0000000E-10
  1.0000000E-10
  1.0000000E-10
  1.0000000E-10
  1.0000000E-10
  1.0000000E-10
  1.0000000E-10
  1.0000000E-10
  1.0000000E-10
  1.0000000E-10
  1.0000000E-10
  1.0000000E-10
  1.0000000E-10
  1.0000000E-10
  1.0000000E-10
  1.0000000E-10
  0.0000000E+00
