  1.0000000E-10
  -1.000000    
  -1.000000    
  -1.000000    
  -1.000000    
  1.0000000E-10
  1.0000000E-10
  1.0000000E-10
  1.0000000E-10
  1.0000000E-10
  1.0000000E-10
  1.0000000E-10
  1.0000000E-10
  1.0000000E-10
  1.0000000E-10
  1.0000000E-10
  1.0000000E-10
  1.0000000E-10
  1.0000000E-10
  1.0000000E-10
  1.0000000E-10
  1.0000000E-10
  1.0000000E-10
  1.0000000E-10
  1.0000000E-10
  1.0000000E-10
  1.0000000E-10
  1.0000000E-10
  1.0000000E-10
  1.0000000E-10
  1.0000000E-10
  1.0000000E-10
  1.0000000E-10
  1.0000000E-10
  1.0000000E-10
  1.0000000E-10
  1.0000000E-10
  1.0000000E-10
  1.0000000E-10
  1.0000000E-10
  1.0000000E-10
  1.0000000E-10
  1.0000000E-10
  1.0000000E-10
  1.0000000E-10
  1.0000000E-10
  1.0000000E-10
   1.000000    
   1.000000    
   1.000000    
   1.000000    
  1.0000000E-10
  1.0000000E-10
 -0.6239007    
  -1.003112    
  -1.007666    
 -0.7965170    
 -0.1454729    
 -3.7832741E-02
 -1.0360060E-02
 -3.3050301E-03
 -1.1150020E-03
 -4.2308279E-04
 -1.7343300E-04
 -7.7138517E-05
 -3.5969391E-05
 -1.7536160E-05
 -9.0396816E-06
 -5.0443332E-06
 -3.0048111E-06
 -1.9678751E-06
 -1.4208840E-06
 -1.3957060E-06
 -1.2625929E-06
 -1.1078160E-06
 -1.0245280E-06
 -7.7286762E-07
 -5.0691131E-07
 -7.3708058E-08
  3.2387149E-07
  5.2185618E-07
  6.9147808E-07
  5.9818262E-07
  5.5674701E-07
  2.0740490E-07
 -2.2301001E-07
 -1.1485670E-06
 -3.0926160E-06
 -7.1655709E-06
 -1.5187720E-05
 -3.1279600E-05
 -6.4890701E-05
 -1.4234660E-04
 -3.4543130E-04
 -9.1411488E-04
 -2.6894221E-03
 -7.2760042E-03
 -9.4746612E-03
  7.8761667E-02
  0.9661996    
   1.023731    
   1.040051    
  0.8504026    
  1.0000000E-10
  1.0000000E-10
 -0.4769280    
 -0.8286563    
 -0.8810108    
 -0.7417026    
 -0.3298136    
 -0.1416296    
 -6.1882410E-02
 -2.9276390E-02
 -1.4549380E-02
 -7.6927659E-03
 -4.2393091E-03
 -2.4309570E-03
 -1.4368710E-03
 -8.7631808E-04
 -5.5496691E-04
 -3.6848270E-04
 -2.5987861E-04
 -1.9765740E-04
 -1.6296920E-04
 -1.4440560E-04
 -1.3437540E-04
 -1.2678870E-04
 -1.1713950E-04
 -1.0168370E-04
 -7.9430727E-05
 -5.2143889E-05
 -2.4489271E-05
 -1.3022731E-07
  1.7541950E-05
  2.5992820E-05
  2.2877050E-05
  6.7843230E-06
 -2.7406089E-05
 -8.9005793E-05
 -1.9314820E-04
 -3.6164679E-04
 -6.2183721E-04
 -1.0155020E-03
 -1.6218300E-03
 -2.6089109E-03
 -4.3129930E-03
 -7.2514149E-03
 -1.1953740E-02
 -1.3758750E-02
  2.2056259E-02
  0.2377674    
  0.9542439    
   1.055875    
   1.019518    
  0.6323926    
  1.0000000E-10
  1.0000000E-10
 -0.2762449    
 -0.5904645    
 -0.6793606    
 -0.5956814    
 -0.3907539    
 -0.2436749    
 -0.1410124    
 -8.0287099E-02
 -4.5138501E-02
 -2.6034391E-02
 -1.5298050E-02
 -9.1832345E-03
 -5.6143971E-03
 -3.5106631E-03
 -2.2657129E-03
 -1.5254020E-03
 -1.0879850E-03
 -8.3327718E-04
 -6.9093920E-04
 -6.1388541E-04
 -5.7159789E-04
 -5.3905288E-04
 -4.9822638E-04
 -4.3509770E-04
 -3.4299929E-04
 -2.2941810E-04
 -1.1311540E-04
 -1.0215130E-05
  6.6057699E-05
  1.0249960E-04
  9.2366179E-05
  2.5892339E-05
 -1.1568220E-04
 -3.6976591E-04
 -7.9221179E-04
 -1.4576759E-03
 -2.4524680E-03
 -3.8870000E-03
 -5.9426250E-03
 -8.9152390E-03
 -1.3095660E-02
 -1.7819621E-02
 -1.7881250E-02
  1.1511600E-02
  0.1369110    
  0.4528770    
  0.9474511    
   1.019161    
  0.8695668    
  0.3830301    
  1.0000000E-10
  1.0000000E-10
 -0.1531810    
 -0.3720109    
 -0.4722648    
 -0.4607990    
 -0.3730086    
 -0.2766835    
 -0.1965583    
 -0.1318585    
 -8.5425213E-02
 -5.4212410E-02
 -3.4213439E-02
 -2.1728400E-02
 -1.3882580E-02
 -8.9830169E-03
 -5.9498460E-03
 -4.0863561E-03
 -2.9566351E-03
 -2.2880160E-03
 -1.9077200E-03
 -1.7002820E-03
 -1.5851459E-03
 -1.4979820E-03
 -1.3874610E-03
 -1.2169000E-03
 -9.6850243E-04
 -6.6015607E-04
 -3.4095059E-04
 -5.4902412E-05
  1.5880659E-04
  2.6660680E-04
  2.4428920E-04
  6.8648689E-05
 -3.1148011E-04
 -9.8700868E-04
 -2.0859439E-03
 -3.7625770E-03
 -6.1574420E-03
 -9.3795368E-03
 -1.3492440E-02
 -1.8303720E-02
 -2.2367040E-02
 -1.9588539E-02
  9.1169691E-03
  0.1063832    
  0.3166342    
  0.6045166    
  0.8954251    
  0.8783295    
  0.6392305    
  0.2158987    
  1.0000000E-10
  1.0000000E-10
 -8.0109552E-02
 -0.2135909    
 -0.2998697    
 -0.3288794    
 -0.3094102    
 -0.2640038    
 -0.2114963    
 -0.1618067    
 -0.1180261    
 -8.3690129E-02
 -5.7578731E-02
 -3.9158382E-02
 -2.6480749E-02
 -1.7950950E-02
 -1.2342240E-02
 -8.7293116E-03
 -6.4589209E-03
 -5.0791232E-03
 -4.2777159E-03
 -3.8344730E-03
 -3.5841749E-03
 -3.3944200E-03
 -3.1553819E-03
 -2.7845530E-03
 -2.2441989E-03
 -1.5671740E-03
 -8.5413927E-04
 -2.0613310E-04
  2.8776040E-04
  5.4796221E-04
  5.2189780E-04
  1.5562570E-04
 -6.5110688E-04
 -2.0667489E-03
 -4.3029832E-03
 -7.5609828E-03
 -1.1899890E-02
 -1.7089561E-02
 -2.2323281E-02
 -2.5289349E-02
 -1.9509360E-02
  1.1058010E-02
  9.4962157E-02
  0.2560386    
  0.4562472    
  0.6547196    
  0.7754833    
  0.6747667    
  0.4252532    
  0.1277849    
  1.0000000E-10
  1.0000000E-10
 -4.1076049E-02
 -0.1171698    
 -0.1785914    
 -0.2168268    
 -0.2288534    
 -0.2187402    
 -0.1945656    
 -0.1642786    
 -0.1333071    
 -0.1038715    
 -7.8202970E-02
 -5.7445459E-02
 -4.1519649E-02
 -2.9810620E-02
 -2.1521360E-02
 -1.5849940E-02
 -1.2110810E-02
 -9.7526694E-03
 -8.3442479E-03
 -7.5483518E-03
 -7.0915101E-03
 -6.7406702E-03
 -6.2984112E-03
 -5.6094788E-03
 -4.5999340E-03
 -3.3135400E-03
 -1.9191270E-03
 -6.3372008E-04
  3.7019711E-04
  9.4354700E-04
  9.7110868E-04
  3.5434731E-04
 -1.0634559E-03
 -3.5198911E-03
 -7.2471411E-03
 -1.2326270E-02
 -1.8350171E-02
 -2.3966480E-02
 -2.6000200E-02
 -1.7448410E-02
  1.5604370E-02
  9.2997856E-02
  0.2225968    
  0.3708917    
  0.5140695    
  0.6119054    
  0.6111850    
  0.4748535    
  0.2740633    
  7.9960451E-02
  1.0000000E-10
  1.0000000E-10
 -2.1333000E-02
 -6.3724749E-02
 -0.1028591    
 -0.1344830    
 -0.1550421    
 -0.1629058    
 -0.1590026    
 -0.1462622    
 -0.1284119    
 -0.1087748    
 -8.9214787E-02
 -7.0923023E-02
 -5.5098020E-02
 -4.2211819E-02
 -3.2285471E-02
 -2.5006959E-02
 -1.9927381E-02
 -1.6576730E-02
 -1.4506520E-02
 -1.3305690E-02
 -1.2604780E-02
 -1.2057520E-02
 -1.1352910E-02
 -1.0234260E-02
 -8.5856374E-03
 -6.3988492E-03
 -3.9752270E-03
 -1.6908960E-03
  1.5694401E-04
  1.3162220E-03
  1.5887970E-03
  8.1995060E-04
 -1.2057440E-03
 -4.7087721E-03
 -9.7551132E-03
 -1.5927309E-02
 -2.1596329E-02
 -2.2936329E-02
 -1.2413540E-02
  2.2338411E-02
  9.4689570E-02
  0.1998044    
  0.3134017    
  0.4199682    
  0.4946072    
  0.5090043    
  0.4456282    
  0.3189950    
  0.1776160    
  5.1923182E-02
  1.0000000E-10
  1.0000000E-10
 -1.1447450E-02
 -3.5274070E-02
 -5.8886789E-02
 -8.0870964E-02
 -9.9135026E-02
 -0.1118700    
 -0.1179470    
 -0.1173175    
 -0.1110087    
 -0.1007565    
 -8.8483207E-02
 -7.5671189E-02
 -6.3166171E-02
 -5.1807340E-02
 -4.2203229E-02
 -3.4610119E-02
 -2.8982131E-02
 -2.5092309E-02
 -2.2611881E-02
 -2.1151200E-02
 -2.0292800E-02
 -1.9602571E-02
 -1.8651601E-02
 -1.7071931E-02
 -1.4693870E-02
 -1.1409720E-02
 -7.6162880E-03
 -3.9423830E-03
 -8.3287217E-04
  1.3239490E-03
  2.2344191E-03
  1.7020330E-03
 -4.3500730E-04
 -4.3536662E-03
 -9.5662493E-03
 -1.4477070E-02
 -1.5035190E-02
 -3.6227100E-03
  3.0576929E-02
  9.6052587E-02
  0.1811782    
  0.2704525    
  0.3514829    
  0.4079084    
  0.4231289    
  0.3880077    
  0.3096794    
  0.2112886    
  0.1161466    
  3.4134261E-02
  1.0000000E-10
  1.0000000E-10
 -6.3698469E-03
 -2.0032350E-02
 -3.4211751E-02
 -4.8326802E-02
 -6.1668579E-02
 -7.3152639E-02
 -8.1699848E-02
 -8.6547807E-02
 -8.7430827E-02
 -8.4679738E-02
 -7.9121403E-02
 -7.1845926E-02
 -6.3892879E-02
 -5.5957139E-02
 -4.8584539E-02
 -4.2297650E-02
 -3.7369061E-02
 -3.3843160E-02
 -3.1578548E-02
 -3.0289151E-02
 -2.9576140E-02
 -2.8968640E-02
 -2.7951149E-02
 -2.6037730E-02
 -2.2970799E-02
 -1.8690011E-02
 -1.3371380E-02
 -7.9904096E-03
 -3.2014381E-03
  4.6098401E-04
  2.6162439E-03
  3.0687810E-03
  1.7420610E-03
 -1.1274359E-03
 -4.0975451E-03
 -3.3769291E-03
  8.3375284E-03
  4.0445611E-02
  9.7534947E-02
  0.1659752    
  0.2365029    
  0.2990441    
  0.3418753    
  0.3546054    
  0.3324111    
  0.2800723    
  0.2111589    
  0.1404646    
  7.6787792E-02
  2.2637829E-02
  1.0000000E-10
  1.0000000E-10
 -3.6608870E-03
 -1.1670440E-02
 -2.0234831E-02
 -2.9123239E-02
 -3.8011771E-02
 -4.6503671E-02
 -5.4070730E-02
 -6.0069531E-02
 -6.3939467E-02
 -6.5450080E-02
 -6.4705968E-02
 -6.2128481E-02
 -5.8351811E-02
 -5.4062750E-02
 -4.9796492E-02
 -4.5935459E-02
 -4.2824619E-02
 -4.0651500E-02
 -3.9415952E-02
 -3.8936049E-02
 -3.8875770E-02
 -3.8780030E-02
 -3.8087171E-02
 -3.6196280E-02
 -3.2717809E-02
 -2.7622979E-02
 -2.1187151E-02
 -1.4142150E-02
 -7.4010049E-03
 -1.7224570E-03
  2.3848710E-03
  4.7253980E-03
  5.5125281E-03
  5.8556981E-03
  9.0591963E-03
  2.1853430E-02
  5.2380130E-02
  9.9633783E-02
  0.1536719    
  0.2089696    
  0.2572761    
  0.2898271    
  0.2995835    
  0.2839097    
  0.2464692    
  0.1962252    
  0.1430995    
  9.3796328E-02
  5.1024411E-02
  1.5035470E-02
  1.0000000E-10
  1.0000000E-10
 -2.1426631E-03
 -6.8929712E-03
 -1.2071430E-02
 -1.7592330E-02
 -2.3314711E-02
 -2.9038999E-02
 -3.4515820E-02
 -3.9471850E-02
 -4.3631140E-02
 -4.6683401E-02
 -4.8444271E-02
 -4.8931461E-02
 -4.8378680E-02
 -4.7177289E-02
 -4.5775428E-02
 -4.4531081E-02
 -4.3707319E-02
 -4.3484058E-02
 -4.3898281E-02
 -4.4804990E-02
 -4.5909349E-02
 -4.6838209E-02
 -4.7039900E-02
 -4.5776680E-02
 -4.2451870E-02
 -3.7027620E-02
 -2.9820651E-02
 -2.1526759E-02
 -1.3074250E-02
 -5.3321021E-03
  1.1241520E-03
  6.2484141E-03
  1.0992020E-02
  1.8334020E-02
  3.3784442E-02
  6.2375061E-02
  0.1000915    
  0.1426368    
  0.1854135    
  0.2222791    
  0.2466406    
  0.2534881    
  0.2412684    
  0.2128916    
  0.1747640    
  0.1339507    
  9.5523089E-02
  6.1857510E-02
  3.3425290E-02
  9.7951824E-03
  1.0000000E-10
  1.0000000E-10
 -1.2264230E-03
 -3.9773351E-03
 -7.0242751E-03
 -1.0343050E-02
 -1.3882470E-02
 -1.7558260E-02
 -2.1251110E-02
 -2.4811540E-02
 -2.8077280E-02
 -3.0899961E-02
 -3.3176079E-02
 -3.4877121E-02
 -3.6066972E-02
 -3.6902390E-02
 -3.7609641E-02
 -3.8442548E-02
 -3.9625891E-02
 -4.1307859E-02
 -4.3505669E-02
 -4.6045329E-02
 -4.8583701E-02
 -5.0766960E-02
 -5.2222069E-02
 -5.2227449E-02
 -4.9984850E-02
 -4.5031860E-02
 -3.7753031E-02
 -2.8827559E-02
 -1.9104499E-02
 -9.3888417E-03
  5.7084931E-06
  9.7994264E-03
  2.2196241E-02
  4.0456388E-02
  6.6168040E-02
  9.6352778E-02
  0.1296863    
  0.1625712    
  0.1903137    
  0.2080846    
  0.2122631    
  0.2018962    
  0.1793288    
  0.1493907    
  0.1173778    
  8.7203763E-02
  6.0829770E-02
  3.8733900E-02
  2.0666240E-02
  5.9747440E-03
  1.0000000E-10
  1.0000000E-10
 -6.2378700E-04
 -2.0486650E-03
 -3.6615159E-03
 -5.4646181E-03
 -7.4493638E-03
 -9.5919725E-03
 -1.1850620E-02
 -1.4165190E-02
 -1.6460679E-02
 -1.8657099E-02
 -2.0687440E-02
 -2.2520561E-02
 -2.4181111E-02
 -2.5759069E-02
 -2.7401891E-02
 -2.9292669E-02
 -3.1614479E-02
 -3.4518279E-02
 -3.8056351E-02
 -4.2092860E-02
 -4.6037018E-02
 -4.9543850E-02
 -5.2213870E-02
 -5.3448349E-02
 -5.2599560E-02
 -4.9078960E-02
 -4.2731121E-02
 -3.3964410E-02
 -2.3293830E-02
 -1.1164100E-02
  2.4600560E-03
  1.8316699E-02
  3.7354149E-02
  6.0025271E-02
  8.5172310E-02
  0.1118310    
  0.1374952    
  0.1585577    
  0.1714608    
  0.1736204    
  0.1644754    
  0.1459668    
  0.1218951    
  9.6401408E-02
  7.2584152E-02
  5.2033689E-02
  3.5214212E-02
  2.1878449E-02
  1.1404250E-02
  3.2081699E-03
  1.0000000E-10
  1.0000000E-10
 -2.5549979E-04
 -8.6171099E-04
 -1.5765600E-03
 -2.4117180E-03
 -3.3757230E-03
 -4.4717081E-03
 -5.6944489E-03
 -7.0285560E-03
 -8.4482329E-03
 -9.9201808E-03
 -1.1410510E-02
 -1.2897150E-02
 -1.4384350E-02
 -1.5916660E-02
 -1.7586861E-02
 -1.9533269E-02
 -2.1927331E-02
 -2.4949569E-02
 -2.8754739E-02
 -3.3376049E-02
 -3.8287509E-02
 -4.2836629E-02
 -4.6678320E-02
 -4.9226340E-02
 -4.9761541E-02
 -4.7704339E-02
 -4.2690080E-02
 -3.4653358E-02
 -2.3808200E-02
 -1.0423570E-02
  5.3438870E-03
  2.3461809E-02
  4.3738320E-02
  6.5451577E-02
  8.7731667E-02
  0.1090135    
  0.1264783    
  0.1363280    
  0.1375182    
  0.1297143    
  0.1145218    
  9.5001832E-02
  7.4501671E-02
  5.5557121E-02
  3.9646849E-02
  2.7129309E-02
  1.7602310E-02
  1.0475990E-02
  5.2182530E-03
  1.3842310E-03
  1.0000000E-10
  1.0000000E-10
 -6.0866631E-05
 -2.2805280E-04
 -4.5264061E-04
 -7.4751291E-04
 -1.1257990E-03
 -1.5996100E-03
 -2.1783400E-03
 -2.8659231E-03
 -3.6593270E-03
 -4.5476360E-03
 -5.5145258E-03
 -6.5430058E-03
 -7.6257391E-03
 -8.7768920E-03
 -1.0045040E-02
 -1.1519190E-02
 -1.3330030E-02
 -1.5645310E-02
 -1.8660950E-02
 -2.2562420E-02
 -2.7342480E-02
 -3.2227740E-02
 -3.6695771E-02
 -4.0238269E-02
 -4.2182121E-02
 -4.1850790E-02
 -3.8685210E-02
 -3.2386050E-02
 -2.2937451E-02
 -1.0510670E-02
  4.6042441E-03
  2.1977350E-02
  4.0933121E-02
  6.0424030E-02
  7.8749403E-02
  9.4064727E-02
  0.1036945    
  0.1051678    
  9.9228807E-02
  8.7103508E-02
  7.1274631E-02
  5.4605700E-02
  3.9716560E-02
  2.7739020E-02
  1.8617950E-02
  1.1910520E-02
  7.1400139E-03
  3.8648220E-03
  1.7103800E-03
  3.7542521E-04
  1.0000000E-10
  1.0000000E-10
  2.2070870E-05
  4.7182759E-05
  4.4189968E-05
  2.2271850E-06
 -9.0911679E-05
 -2.4817610E-04
 -4.8150070E-04
 -8.0062932E-04
 -1.2101840E-03
 -1.7088980E-03
 -2.2890959E-03
 -2.9381320E-03
 -3.6431730E-03
 -4.4015590E-03
 -5.2314359E-03
 -6.1803581E-03
 -7.3328172E-03
 -8.8066515E-03
 -1.0755050E-02
 -1.3359980E-02
 -1.6778771E-02
 -2.0934220E-02
 -2.5148891E-02
 -2.8908230E-02
 -3.1651210E-02
 -3.2709781E-02
 -3.1456850E-02
 -2.7425170E-02
 -2.0389020E-02
 -1.0383240E-02
  2.3084430E-03
  1.7117260E-02
  3.3148829E-02
  4.9145550E-02
  6.3422993E-02
  7.3353887E-02
  7.6490328E-02
  7.2617553E-02
  6.3459389E-02
  5.1345412E-02
  3.8904890E-02
  2.8062049E-02
  1.9233581E-02
  1.2480480E-02
  7.5820931E-03
  4.2119301E-03
  2.0352860E-03
  7.5347791E-04
  1.1956480E-04
 -6.1395658E-05
  1.0000000E-10
  1.0000000E-10
  4.3897879E-05
  1.2487650E-04
  1.9268460E-04
  2.3954381E-04
  2.5611461E-04
  2.3209379E-04
  1.5713960E-04
  2.2313210E-05
 -1.7861130E-04
 -4.4669161E-04
 -7.7791681E-04
 -1.1615820E-03
 -1.5861250E-03
 -2.0436239E-03
 -2.5370461E-03
 -3.0876170E-03
 -3.7435561E-03
 -4.5808069E-03
 -5.6960499E-03
 -7.2140610E-03
 -9.2652291E-03
 -1.1925120E-02
 -1.5066690E-02
 -1.8232880E-02
 -2.0928500E-02
 -2.2620000E-02
 -2.2756040E-02
 -2.0816671E-02
 -1.6425651E-02
 -9.4585046E-03
 -7.3181771E-05
  1.1201690E-02
  2.3423679E-02
  3.5173200E-02
  4.4565462E-02
  4.9666349E-02
  4.9342580E-02
  4.4681441E-02
  3.7251811E-02
  2.8837800E-02
  2.0868380E-02
  1.4129520E-02
  8.8567799E-03
  5.0018081E-03
  2.3699680E-03
  7.2011311E-04
 -1.8055030E-04
 -5.3392601E-04
 -5.0456688E-04
 -2.2073630E-04
  1.0000000E-10
  1.0000000E-10
  3.8734870E-05
  1.1442730E-04
  1.8444970E-04
  2.4356251E-04
  2.8556000E-04
  3.0335179E-04
  2.8958311E-04
  2.3754920E-04
  1.4205510E-04
  1.4279120E-06
 -1.8003939E-04
 -3.9603419E-04
 -6.3608738E-04
 -8.9263922E-04
 -1.1622870E-03
 -1.4567730E-03
 -1.8010210E-03
 -2.2367139E-03
 -2.8238569E-03
 -3.6336700E-03
 -4.7504320E-03
 -6.2400708E-03
 -8.1011616E-03
 -1.0200200E-02
 -1.2258090E-02
 -1.3830770E-02
 -1.4535350E-02
 -1.3952100E-02
 -1.1686260E-02
 -7.5174039E-03
 -1.4394460E-03
  6.2000849E-03
  1.4625790E-02
  2.2596050E-02
  2.8655291E-02
  3.1336531E-02
  3.0448459E-02
  2.6749520E-02
  2.1501761E-02
  1.5927250E-02
  1.0872210E-02
  6.7445422E-03
  3.6287131E-03
  1.4474300E-03
  5.4580240E-05
 -7.1292458E-04
 -1.0080970E-03
 -9.6270320E-04
 -6.8418129E-04
 -2.5658839E-04
  1.0000000E-10
  1.0000000E-10
  2.5509529E-05
  7.6910343E-05
  1.2646390E-04
  1.7114540E-04
  2.0715610E-04
  2.3001390E-04
  2.3454581E-04
  2.1658250E-04
  1.7257550E-04
  1.0187260E-04
  6.4671540E-06
 -1.0822720E-04
 -2.3587470E-04
 -3.6925709E-04
 -5.0709752E-04
 -6.5214891E-04
 -8.1912888E-04
 -1.0309530E-03
 -1.3163170E-03
 -1.7169440E-03
 -2.2790160E-03
 -3.0440860E-03
 -4.0278230E-03
 -5.1881392E-03
 -6.4283120E-03
 -7.5288732E-03
 -8.2169920E-03
 -8.2162553E-03
 -7.2368421E-03
 -5.0689061E-03
 -1.6191060E-03
  2.9379339E-03
  8.0765327E-03
  1.2937790E-02
  1.6536770E-02
  1.8058909E-02
  1.7346220E-02
  1.4921610E-02
  1.1655020E-02
  8.3005400E-03
  5.3331358E-03
  2.9594591E-03
  1.2098500E-03
  2.7142200E-05
 -6.8012433E-04
 -1.0104480E-03
 -1.0562610E-03
 -8.9768152E-04
 -6.0030492E-04
 -2.1593970E-04
  1.0000000E-10
  1.0000000E-10
  1.3227760E-05
  4.1335908E-05
  6.9929170E-05
  9.7153257E-05
  1.2053830E-04
  1.3728930E-04
  1.4451089E-04
  1.3924940E-04
  1.2013760E-04
  8.5942163E-05
  3.8926239E-05
 -1.8135819E-05
 -8.0073987E-05
 -1.4422581E-04
 -2.0820351E-04
 -2.7459059E-04
 -3.4935851E-04
 -4.4393801E-04
 -5.7233678E-04
 -7.5515162E-04
 -1.0149271E-03
 -1.3753130E-03
 -1.8477170E-03
 -2.4193281E-03
 -3.0530139E-03
 -3.6617189E-03
 -4.1167391E-03
 -4.2476230E-03
 -3.8863590E-03
 -2.8895210E-03
 -1.1620329E-03
  1.2242090E-03
  3.9750952E-03
  6.5827002E-03
  8.5426494E-03
  9.3878387E-03
  8.9647435E-03
  7.6023550E-03
  5.8077928E-03
  3.9960258E-03
  2.4144889E-03
  1.1651230E-03
  2.5871189E-04
 -3.3649139E-04
 -6.7035621E-04
 -7.9612131E-04
 -7.6480798E-04
 -6.2144088E-04
 -4.0393081E-04
 -1.4201421E-04
  1.0000000E-10
  1.0000000E-10
  5.0032208E-06
  1.7334100E-05
  3.1230211E-05
  4.5464429E-05
  5.8307629E-05
  6.7996058E-05
  7.3131399E-05
  7.1940391E-05
  6.3480329E-05
  4.8838530E-05
  2.7942060E-05
  2.8528120E-06
 -2.4294950E-05
 -5.1481031E-05
 -7.8257763E-05
 -1.0507150E-04
 -1.3545000E-04
 -1.7308300E-04
 -2.2497450E-04
 -2.9987021E-04
 -4.0727630E-04
 -5.5786333E-04
 -7.5949210E-04
 -1.0073869E-03
 -1.2879510E-03
 -1.5699050E-03
 -1.7990390E-03
 -1.8977270E-03
 -1.7861431E-03
 -1.3820450E-03
 -6.2900182E-04
  4.4844919E-04
  1.7070570E-03
  2.9219871E-03
  3.8636790E-03
  4.2765178E-03
  4.0728012E-03
  3.4201259E-03
  2.5671881E-03
  1.7135530E-03
  9.7446347E-04
  3.9515001E-04
 -2.0496331E-05
 -2.8760949E-04
 -4.2853691E-04
 -4.6715801E-04
 -4.2810239E-04
 -3.3531271E-04
 -2.1023920E-04
 -7.0703718E-05
  1.0000000E-10
  1.0000000E-10
  9.4351873E-07
  5.1627740E-06
  1.0826350E-05
  1.6727319E-05
  2.2195960E-05
  2.6915781E-05
  2.9268091E-05
  2.9091831E-05
  2.5984769E-05
  2.0393700E-05
  1.2760800E-05
  3.7618340E-06
 -5.8933151E-06
 -1.5267820E-05
 -2.4652711E-05
 -3.3880431E-05
 -4.3894150E-05
 -5.6391509E-05
 -7.4063282E-05
 -9.8945668E-05
 -1.3562301E-04
 -1.8794870E-04
 -2.5852679E-04
 -3.4676891E-04
 -4.4813071E-04
 -5.5302179E-04
 -6.4200978E-04
 -6.8817590E-04
 -6.6039257E-04
 -5.2584702E-04
 -2.5926231E-04
  1.3263281E-04
  5.9880607E-04
  1.0581349E-03
  1.4220800E-03
  1.5843150E-03
  1.5077080E-03
  1.2565120E-03
  9.2921802E-04
  6.0369959E-04
  3.2347420E-04
  1.0515700E-04
 -5.0795679E-05
 -1.5001610E-04
 -1.9935190E-04
 -2.0754201E-04
 -1.8333711E-04
 -1.3656500E-04
 -7.8853547E-05
 -2.2306180E-05
  1.0000000E-10
  1.0000000E-10
 -2.9362209E-07
  8.3637940E-07
  2.7519870E-06
  4.1512931E-06
  5.3992749E-06
  6.8775021E-06
  7.6847946E-06
  7.4565810E-06
  6.8260351E-06
  5.4383231E-06
  3.5714161E-06
  1.4487360E-06
 -7.7590067E-07
 -3.0317269E-06
 -5.0627459E-06
 -7.1457930E-06
 -9.3763974E-06
 -1.2078250E-05
 -1.5735921E-05
 -2.1413611E-05
 -2.9793209E-05
 -4.1659740E-05
 -5.7786619E-05
 -7.8337347E-05
 -1.0228820E-04
 -1.2795770E-04
 -1.5045860E-04
 -1.6356030E-04
 -1.5989850E-04
 -1.3039070E-04
 -6.8772577E-05
  2.4409799E-05
  1.3739060E-04
  2.5096949E-04
  3.4247930E-04
  3.8426390E-04
  3.6547441E-04
  3.0230041E-04
  2.2031450E-04
  1.3918740E-04
  6.9724731E-05
  1.5718570E-05
 -2.2637440E-05
 -4.6881749E-05
 -5.8763449E-05
 -5.9506481E-05
 -5.0811250E-05
 -3.5092260E-05
 -1.6139131E-05
 -8.5404281E-07
  1.0000000E-10
  1.0000000E-10
 -2.4043501E-07
 -3.2244110E-08
  2.0239200E-07
 -5.1169302E-08
 -2.1244711E-07
  1.3617120E-07
  1.5265840E-07
  3.6048209E-07
  3.1594149E-07
  2.2176330E-07
  1.2058820E-07
  1.1512260E-07
  9.0855380E-08
  5.8950640E-08
 -2.7921480E-08
  1.1819360E-07
  1.5504770E-07
  2.3940080E-07
  2.9859771E-07
  1.6599920E-07
  3.1345201E-07
  3.3304451E-07
  3.1630901E-07
  2.0734301E-07
 -1.7276700E-07
 -5.4058597E-07
 -1.0754860E-06
 -1.8201290E-06
 -2.5117110E-06
 -3.0382610E-06
 -2.6256560E-06
 -1.6180250E-06
  1.6890731E-07
  2.5358299E-06
  5.0104709E-06
  6.3592661E-06
  5.9434542E-06
  4.3715850E-06
  2.3534760E-06
  2.8248829E-07
 -1.3098610E-06
 -2.4474341E-06
 -3.2382391E-06
 -3.7515290E-06
 -3.9154452E-06
 -3.6931001E-06
 -2.8026770E-06
 -1.1612570E-06
  1.4668090E-06
  3.0388910E-06
  1.0000000E-10
  1.0000000E-10
  1.0000000E-10
  1.0000000E-10
  1.0000000E-10
  1.0000000E-10
  1.0000000E-10
  1.0000000E-10
  1.0000000E-10
  1.0000000E-10
  1.0000000E-10
  1.0000000E-10
  1.0000000E-10
  1.0000000E-10
  1.0000000E-10
  1.0000000E-10
  1.0000000E-10
  1.0000000E-10
  1.0000000E-10
  1.0000000E-10
  1.0000000E-10
  1.0000000E-10
  1.0000000E-10
  1.0000000E-10
  1.0000000E-10
  1.0000000E-10
  1.0000000E-10
  1.0000000E-10
  1.0000000E-10
  1.0000000E-10
  1.0000000E-10
  1.0000000E-10
  1.0000000E-10
  1.0000000E-10
  1.0000000E-10
  1.0000000E-10
  1.0000000E-10
  1.0000000E-10
  1.0000000E-10
  1.0000000E-10
  1.0000000E-10
  1.0000000E-10
  1.0000000E-10
  1.0000000E-10
  1.0000000E-10
  1.0000000E-10
  1.0000000E-10
  1.0000000E-10
  1.0000000E-10
  1.0000000E-10
  1.0000000E-10
  1.0000000E-10
  1.0000000E-10
