  0.0000000E+00
  1.0000000E-10
  1.0000000E-10
  1.0000000E-10
  1.0000000E-10
  1.0000000E-10
  1.0000000E-10
  1.0000000E-10
  1.0000000E-10
  1.0000000E-10
  1.0000000E-10
  1.0000000E-10
  1.0000000E-10
  1.0000000E-10
  1.0000000E-10
  1.0000000E-10
  1.0000000E-10
  1.0000000E-10
  1.0000000E-10
  1.0000000E-10
  1.0000000E-10
  1.0000000E-10
  1.0000000E-10
  1.0000000E-10
   1.000000    
   1.000000    
  0.0000000E+00
  1.0000000E-10
  1.0082679E-06
  5.7217756E-07
 -1.8823470E-06
 -4.8464581E-06
 -7.4272266E-06
 -9.3352364E-06
 -1.0994083E-05
 -1.3480007E-05
 -1.7849268E-05
 -2.3874221E-05
 -2.8880457E-05
 -2.8044129E-05
 -1.8104021E-05
 -3.8015817E-06
  5.1126935E-06
 -1.3715940E-06
 -3.8458515E-05
 -1.4796370E-04
 -4.2115169E-04
 -1.1047315E-03
 -3.2042875E-03
 -8.9209788E-03
  8.2276858E-02
   1.000012    
  0.8855914    
  1.0000000E-10
  1.0000000E-10
  1.1375492E-06
 -1.1038129E-05
 -4.0411131E-05
 -7.9055586E-05
 -1.1680171E-04
 -1.4771648E-04
 -1.7607960E-04
 -2.1714516E-04
 -2.8698667E-04
 -3.8234057E-04
 -4.6231181E-04
 -4.5302004E-04
 -3.0302865E-04
 -7.9935737E-05
  6.4899781E-05
 -2.8337226E-05
 -5.8516883E-04
 -2.1260532E-03
 -5.4796105E-03
 -1.1608560E-02
 -1.8188667E-02
  2.7277822E-02
  0.3777297    
  0.9350948    
  0.5269354    
  1.0000000E-10
  1.0000000E-10
 -3.0153586E-05
 -1.2029642E-04
 -2.5197596E-04
 -4.1364695E-04
 -5.7952473E-04
 -7.2869688E-04
 -8.7707763E-04
 -1.0908938E-03
 -1.4439600E-03
 -1.9206977E-03
 -2.3278934E-03
 -2.3161932E-03
 -1.6284593E-03
 -5.4231653E-04
  2.1820137E-04
 -1.2611986E-04
 -2.4925889E-03
 -8.3518038E-03
 -1.7935053E-02
 -2.2609487E-02
  2.5135100E-02
  0.2361327    
  0.5592496    
  0.6341017    
  0.2267823    
  1.0000000E-10
  1.0000000E-10
 -1.4977757E-04
 -4.9821229E-04
 -9.0419786E-04
 -1.3422117E-03
 -1.7738203E-03
 -2.1833335E-03
 -2.6438881E-03
 -3.3486071E-03
 -4.4989716E-03
 -6.0385726E-03
 -7.4094525E-03
 -7.6105315E-03
 -5.8017727E-03
 -2.5401190E-03
  1.0852494E-04
  1.4502722E-05
 -4.6001701E-03
 -1.3941962E-02
 -1.6334726E-02
  3.4241967E-02
  0.1866678    
  0.3732787    
  0.4537772    
  0.3214762    
  9.4985694E-02
  1.0000000E-10
  1.0000000E-10
 -3.0950722E-04
 -9.7503921E-04
 -1.6603955E-03
 -2.3046387E-03
 -2.8791707E-03
 -3.4735927E-03
 -4.3770177E-03
 -6.0442286E-03
 -8.8394526E-03
 -1.2579114E-02
 -1.6137337E-02
 -1.7530460E-02
 -1.4882378E-02
 -8.4628388E-03
 -1.7995912E-03
  1.3965365E-03
 -9.4755087E-06
  3.4283050E-03
  4.9191751E-02
  0.1563895    
  0.2707059    
  0.3200626    
  0.2638555    
  0.1471636    
  4.1379783E-02
  1.0000000E-10
  1.0000000E-10
  1.0149171E-04
  4.6141125E-04
  1.0617643E-03
  1.8361700E-03
  2.4965594E-03
  2.4748207E-03
  1.0301857E-03
 -2.4958216E-03
 -8.3553642E-03
 -1.5944296E-02
 -2.3523882E-02
 -2.8195482E-02
 -2.6831746E-02
 -1.8728521E-02
 -7.1573984E-03
  4.3234411E-03
  2.1035235E-02
  6.3000947E-02
  0.1330694    
  0.2013820    
  0.2286493    
  0.1958571    
  0.1284430    
  6.4308897E-02
  1.7488588E-02
  1.0000000E-10
  1.0000000E-10
  2.8394612E-03
  9.3188407E-03
  1.6360052E-02
  2.2757350E-02
  2.6779875E-02
  2.6823113E-02
  2.2251043E-02
  1.3637111E-02
  2.1659164E-03
 -1.0453066E-02
 -2.2434214E-02
 -3.1244528E-02
 -3.3459567E-02
 -2.6563823E-02
 -1.0424506E-02
  1.4940035E-02
  5.2220583E-02
  9.8625541E-02
  0.1400318    
  0.1535897    
  0.1305688    
  8.7601900E-02
  4.8219852E-02
  2.1503385E-02
  5.3681429E-03
  1.0000000E-10
  1.0000000E-10
  1.0755212E-02
  3.3718206E-02
  5.5376839E-02
  6.9888718E-02
  7.2244942E-02
  6.2860034E-02
  4.6968602E-02
  2.9310437E-02
  1.2923118E-02
 -8.2264777E-04
 -1.2657062E-02
 -2.2191193E-02
 -2.7171146E-02
 -2.4087062E-02
 -1.0210412E-02
  1.4839030E-02
  4.7681011E-02
  7.8521073E-02
  9.0454586E-02
  7.6167613E-02
  4.8913866E-02
  2.5265943E-02
  1.0861679E-02
  3.5892548E-03
  5.7556515E-04
  1.0000000E-10
  1.0000000E-10
  3.4094408E-02
  9.7314082E-02
  0.1360229    
  0.1382132    
  0.1134962    
  7.9940736E-02
  4.9148053E-02
  2.6456637E-02
  1.1853453E-02
  2.7144160E-03
 -3.8850999E-03
 -9.4835116E-03
 -1.3746431E-02
 -1.4388431E-02
 -8.3243027E-03
  5.9531699E-03
  2.5206771E-02
  3.9446030E-02
  3.8506001E-02
  2.6397182E-02
  1.3489908E-02
  4.9335165E-03
  7.1591215E-04
 -6.2207185E-04
 -4.0386495E-04
  1.0000000E-10
  1.0000000E-10
  0.1138808    
  0.2583393    
  0.2580808    
  0.1854104    
  0.1109293    
  5.8063909E-02
  2.7760558E-02
  1.2380470E-02
  5.0176457E-03
  1.4060154E-03
 -7.7915844E-04
 -2.6096036E-03
 -4.3089162E-03
 -5.1986855E-03
 -3.8493546E-03
  1.0386070E-03
  8.3771683E-03
  1.3488015E-02
  1.2486592E-02
  7.6294872E-03
  3.0798425E-03
  3.4769494E-04
 -7.6427532E-04
 -8.2740129E-04
 -3.3976114E-04
  1.0000000E-10
  1.0000000E-10
  0.3481186    
  0.5528399    
  0.3221082    
  0.1381699    
  5.2914627E-02
  2.0080924E-02
  7.7080764E-03
  2.9756627E-03
  1.1156907E-03
  3.2231148E-04
 -1.1386090E-04
 -4.7000649E-04
 -8.2901213E-04
 -1.0822201E-03
 -9.1233326E-04
  6.6801746E-05
  1.6775953E-03
  2.8671436E-03
  2.6280922E-03
  1.4950808E-03
  4.7227222E-04
 -1.1722010E-04
 -3.2314265E-04
 -2.7170216E-04
 -9.6444113E-05
  1.0000000E-10
  1.0000000E-10
  0.7330425    
  0.8568332    
  0.1637733    
  2.6245587E-02
  5.9501929E-03
  1.7257287E-03
  5.6944927E-04
  2.0214489E-04
  7.2792856E-05
  2.1437008E-05
 -5.4872107E-06
 -2.7328799E-05
 -5.0467846E-05
 -6.9293485E-05
 -6.3193191E-05
 -3.0176589E-06
  1.0475732E-04
  1.9003244E-04
  1.7397010E-04
  9.3311552E-05
  2.1863571E-05
 -1.8606122E-05
 -3.1443280E-05
 -2.2685213E-05
 -3.2469538E-06
  1.0000000E-10
  0.0000000E+00
   1.000000    
   1.000000    
  1.0000000E-10
  1.0000000E-10
  1.0000000E-10
  1.0000000E-10
  1.0000000E-10
  1.0000000E-10
  1.0000000E-10
  1.0000000E-10
  1.0000000E-10
  1.0000000E-10
  1.0000000E-10
  1.0000000E-10
  1.0000000E-10
  1.0000000E-10
  1.0000000E-10
  1.0000000E-10
  1.0000000E-10
  1.0000000E-10
  1.0000000E-10
  1.0000000E-10
  1.0000000E-10
  1.0000000E-10
  1.0000000E-10
  0.0000000E+00
