  0.0000000E+00
  1.0000000E-10
  1.0000000E-10
  1.0000000E-10
  1.0000000E-10
  1.0000000E-10
  1.0000000E-10
  1.0000000E-10
  1.0000000E-10
  1.0000000E-10
  1.0000000E-10
  1.0000000E-10
  1.0000000E-10
  1.0000000E-10
  1.0000000E-10
  1.0000000E-10
  1.0000000E-10
  1.0000000E-10
  1.0000000E-10
  1.0000000E-10
  1.0000000E-10
  1.0000000E-10
  1.0000000E-10
  1.0000000E-10
  1.0000000E-10
  1.0000000E-10
  0.0000000E+00
  1.0000000E-10
 -4.6480463E-07
 -1.2254654E-06
  5.8219557E-06
  3.3524389E-05
  9.5789481E-05
  2.0527522E-04
  3.7525262E-04
  6.3244405E-04
  1.0383022E-03
  1.6897571E-03
  2.6518933E-03
  3.8185280E-03
  4.8308261E-03
  5.3120153E-03
  5.2648140E-03
  5.1207142E-03
  5.5434746E-03
  7.4853748E-03
  1.2350432E-02
  2.1968400E-02
  3.9592467E-02
  6.8846017E-02
 -1.9957328E-02
 -0.1688070    
 -0.1680956    
  1.0000000E-10
  1.0000000E-10
  6.4818448E-07
  1.1515463E-05
  5.4773976E-05
  1.6878551E-04
  4.0437176E-04
  8.1487268E-04
  1.4588395E-03
  2.4433949E-03
  4.0015522E-03
  6.4964695E-03
  1.0175513E-02
  1.4661061E-02
  1.8646343E-02
  2.0698527E-02
  2.0733807E-02
  2.0290194E-02
  2.1784157E-02
  2.8332144E-02
  4.3324187E-02
  6.7718431E-02
  9.2504010E-02
  6.2442113E-02
 -0.1598832    
 -0.2431894    
 -8.3068363E-02
  1.0000000E-10
  1.0000000E-10
  4.0025407E-06
  4.3787106E-05
  1.5897538E-04
  4.0706480E-04
  8.6955813E-04
  1.6465897E-03
  2.8660751E-03
  4.7565936E-03
  7.7806050E-03
  1.2638703E-02
  1.9824697E-02
  2.8714960E-02
  3.6993109E-02
  4.1856416E-02
  4.2755783E-02
  4.2179506E-02
  4.4164501E-02
  5.2683450E-02
  6.8146817E-02
  7.8122877E-02
  4.2292472E-02
 -7.8739725E-02
 -0.1798940    
 -0.1195702    
 -1.5020208E-02
  1.0000000E-10
  1.0000000E-10
  6.2996387E-06
  6.6378358E-05
  2.3057620E-04
  5.5798545E-04
  1.1219101E-03
  2.0181788E-03
  3.4123138E-03
  5.6600226E-03
  9.4656590E-03
  1.5852440E-02
  2.5596613E-02
  3.8132973E-02
  5.0811660E-02
  5.9682310E-02
  6.3043132E-02
  6.2799476E-02
  6.2484846E-02
  6.3441075E-02
  5.6897029E-02
  1.7458394E-02
 -5.9851687E-02
 -0.1120695    
 -9.5904075E-02
 -3.6866747E-02
 -3.1077564E-03
  1.0000000E-10
  1.0000000E-10
  1.1895875E-06
  6.8891104E-06
  6.1180381E-06
 -3.3825527E-05
 -1.6497279E-04
 -4.1358735E-04
 -6.5426552E-04
 -4.2061869E-04
  1.2316415E-03
  5.6097563E-03
  1.3829011E-02
  2.5877519E-02
  3.9773427E-02
  5.1855687E-02
  5.8673315E-02
  5.9313137E-02
  5.4030225E-02
  3.8289454E-02
 -6.4977631E-04
 -5.2350111E-02
 -7.9537429E-02
 -6.9247462E-02
 -3.7008390E-02
 -1.0759438E-02
 -8.8874996E-04
  1.0000000E-10
  1.0000000E-10
 -2.6190590E-05
 -2.9587248E-04
 -1.0809645E-03
 -2.7258447E-03
 -5.5908179E-03
 -9.8481541E-03
 -1.5234514E-02
 -2.0926841E-02
 -2.5625696E-02
 -2.7862567E-02
 -2.6423164E-02
 -2.0653466E-02
 -1.1020824E-02
  1.5043980E-04
  8.5790008E-03
  9.3428772E-03
 -2.9858402E-03
 -3.2367934E-02
 -6.3181885E-02
 -7.4553117E-02
 -6.2163193E-02
 -3.7062272E-02
 -1.5472976E-02
 -4.1213771E-03
 -3.4561512E-04
  1.0000000E-10
  1.0000000E-10
 -1.0339480E-04
 -1.1171959E-03
 -3.9033140E-03
 -9.2996629E-03
 -1.7748967E-02
 -2.8708793E-02
 -4.0723998E-02
 -5.2190758E-02
 -6.2018439E-02
 -7.0158951E-02
 -7.6877899E-02
 -8.1713274E-02
 -8.3376147E-02
 -8.1353433E-02
 -7.8355186E-02
 -7.9945281E-02
 -8.8157289E-02
 -9.4790637E-02
 -9.0039998E-02
 -7.0370466E-02
 -4.3386519E-02
 -2.0809930E-02
 -7.6951119E-03
 -1.9520851E-03
 -1.5997264E-04
  1.0000000E-10
  1.0000000E-10
 -3.7487506E-04
 -3.8034697E-03
 -1.2271469E-02
 -2.5847968E-02
 -4.1905779E-02
 -5.6528658E-02
 -6.7084506E-02
 -7.3085822E-02
 -7.6755539E-02
 -8.1726544E-02
 -9.0936780E-02
 -0.1048638    
 -0.1205301    
 -0.1328162    
 -0.1379879    
 -0.1354783    
 -0.1254622    
 -0.1069533    
 -7.8835286E-02
 -4.7537919E-02
 -2.2967596E-02
 -9.1251899E-03
 -2.9868218E-03
 -6.9582136E-04
 -5.1690440E-05
  1.0000000E-10
  1.0000000E-10
 -1.9553383E-03
 -1.6988471E-02
 -4.4670075E-02
 -7.2711289E-02
 -8.9945756E-02
 -9.3231976E-02
 -8.5322537E-02
 -7.3048569E-02
 -6.3021749E-02
 -5.9146542E-02
 -6.3509300E-02
 -7.6897770E-02
 -9.7449705E-02
 -0.1190377    
 -0.1326196    
 -0.1309814    
 -0.1126150    
 -8.1427775E-02
 -4.7603112E-02
 -2.2267168E-02
 -8.5974513E-03
 -2.8039897E-03
 -7.3993730E-04
 -1.3240095E-04
 -6.0569737E-06
  1.0000000E-10
  1.0000000E-10
 -1.2479017E-02
 -8.0502048E-02
 -0.1505856    
 -0.1731131    
 -0.1549590    
 -0.1174706    
 -8.1375383E-02
 -5.5213477E-02
 -3.9630525E-02
 -3.2717027E-02
 -3.3049814E-02
 -4.0435299E-02
 -5.4729730E-02
 -7.3215500E-02
 -8.8768750E-02
 -9.2036396E-02
 -7.7823535E-02
 -5.1115528E-02
 -2.5354173E-02
 -9.2688687E-03
 -2.2184402E-03
 -4.1377614E-05
  2.7804013E-04
  1.3768705E-04
  1.7971292E-05
  1.0000000E-10
  1.0000000E-10
 -6.3025467E-02
 -0.2792702    
 -0.3596040    
 -0.2646182    
 -0.1588675    
 -8.9705870E-02
 -5.0250441E-02
 -2.9226450E-02
 -1.8738469E-02
 -1.4278002E-02
 -1.3798365E-02
 -1.6824467E-02
 -2.3517542E-02
 -3.3243060E-02
 -4.2878065E-02
 -4.6715338E-02
 -4.0175401E-02
 -2.5605403E-02
 -1.1285448E-02
 -2.9237936E-03
  2.1323733E-04
  7.6727953E-04
  5.0182990E-04
  1.8153948E-04
  2.0898986E-05
  1.0000000E-10
  1.0000000E-10
 -0.2311378    
 -0.5115618    
 -0.3897884    
 -0.1417551    
 -6.0489494E-02
 -2.8415326E-02
 -1.4221178E-02
 -7.6841861E-03
 -4.6742540E-03
 -3.4237364E-03
 -3.2301720E-03
 -3.9282227E-03
 -5.5857138E-03
 -8.1313793E-03
 -1.0853476E-02
 -1.2189728E-02
 -1.0662382E-02
 -6.7238184E-03
 -2.7299202E-03
 -4.6121076E-04
  3.0174063E-04
  3.4843443E-04
  1.9229251E-04
  5.7421410E-05
  3.2125286E-06
  1.0000000E-10
  0.0000000E+00
 -0.3106083    
 -0.5259434    
  1.0000000E-10
  1.0000000E-10
  1.0000000E-10
  1.0000000E-10
  1.0000000E-10
  1.0000000E-10
  1.0000000E-10
  1.0000000E-10
  1.0000000E-10
  1.0000000E-10
  1.0000000E-10
  1.0000000E-10
  1.0000000E-10
  1.0000000E-10
  1.0000000E-10
  1.0000000E-10
  1.0000000E-10
  1.0000000E-10
  1.0000000E-10
  1.0000000E-10
  1.0000000E-10
  1.0000000E-10
  1.0000000E-10
  0.0000000E+00
